308 
308 
309 
309 
310 
311 
311 
312 
313 
313 
313 
313 
312 
311 
309 
309 
309 
312 
313 
312 
311 
313 
316 
317 
316 
319 
320 
320 
319 
322 
324 
323 
323 
326 
324 
321 
321 
323 
322 
319 
319 
321 
319 
316 
316 
315 
315 
313 
312 
311 
310 
312 
313 
313 
313 
316 
315 
316 
316 
317 
317 
318 
321 
322 
320 
319 
320 
320 
321 
322 
323 
327 
333 
338 
340 
344 
351 
361 
365 
369 
369 
361 
353 
343 
332 
321 
318 
321 
320 
316 
316 
317 
310 
294 
272 
264 
304 
413 
574 
659 
659 
635 
461 
291 
210 
213 
251 
281 
292 
294 
295 
296 
294 
296 
300 
301 
299 
301 
304 
304 
303 
306 
309 
311 
310 
315 
321 
321 
321 
324 
328 
328 
330 
337 
341 
341 
344 
348 
349 
347 
347 
348 
345 
341 
341 
341 
336 
333 
335 
336 
332 
329 
330 
332 
328 
325 
327 
328 
327 
327 
330 
330 
326 
329 
334 
336 
335 
336 
338 
337 
334 
336 
339 
337 
334 
336 
338 
336 
335 
336 
337 
335 
334 
336 
335 
332 
331 
331 
331 
328 
328 
329 
329 
326 
326 
326 
326 
326 
327 
328 
326 
324 
326 
329 
327 
325 
328 
330 
332 
339 
345 
347 
347 
356 
371 
379 
378 
375 
372 
363 
350 
336 
330 
328 
326 
326 
328 
324 
319 
315 
297 
273 
274 
340 
474 
635 
659 
659 
602 
411 
259 
214 
236 
270 
296 
305 
304 
302 
302 
307 
308 
309 
309 
312 
313 
313 
316 
320 
318 
318 
322 
326 
326 
328 
332 
335 
335 
338 
343 
346 
345 
348 
353 
354 
351 
352 
354 
353 
349 
348 
346 
340 
336 
338 
340 
336 
333 
333 
332 
329 
327 
329 
329 
327 
327 
330 
331 
328 
328 
331 
331 
329 
333 
337 
336 
336 
336 
338 
336 
335 
337 
338 
336 
335 
337 
335 
331 
333 
334 
333 
331 
331 
330 
329 
328 
329 
332 
330 
327 
330 
333 
332 
329 
329 
332 
329 
328 
334 
342 
345 
344 
351 
359 
368 
374 
378 
374 
364 
356 
349 
337 
327 
323 
325 
323 
320 
320 
320 
314 
295 
280 
286 
339 
454 
604 
659 
651 
529 
369 
257 
205 
212 
246 
276 
291 
297 
301 
301 
300 
303 
308 
308 
307 
311 
316 
315 
312 
315 
321 
322 
322 
328 
331 
331 
332 
338 
341 
339 
343 
350 
353 
351 
352 
356 
356 
354 
353 
351 
347 
340 
338 
336 
333 
329 
328 
328 
322 
320 
323 
324 
320 
318 
321 
323 
322 
322 
325 
324 
321 
323 
328 
328 
326 
329 
333 
333 
331 
332 
335 
333 
331 
333 
335 
331 
331 
333 
333 
329 
328 
330 
330 
327 
326 
329 
329 
327 
327 
329 
329 
327 
329 
331 
330 
328 
331 
336 
340 
342 
348 
353 
355 
364 
376 
381 
379 
373 
367 
357 
343 
332 
329 
329 
326 
326 
327 
326 
320 
310 
289 
273 
298 
391 
544 
658 
659 
650 
500 
328 
228 
219 
252 
284 
301 
308 
309 
308 
309 
314 
316 
316 
319 
322 
321 
321 
325 
329 
328 
328 
331 
334 
335 
334 
338 
342 
343 
344 
349 
352 
352 
354 
359 
361 
359 
359 
360 
357 
351 
350 
348 
347 
344 
344 
344 
340 
336 
338 
338 
334 
331 
333 
334 
331 
331 
335 
336 
334 
333 
338 
336 
334 
337 
340 
340 
339 
339 
342 
341 
338 
339 
341 
339 
336 
337 
338 
335 
333 
334 
335 
331 
328 
331 
330 
328 
328 
330 
329 
324 
327 
330 
328 
324 
326 
330 
332 
335 
339 
342 
344 
352 
366 
372 
372 
368 
361 
353 
339 
328 
323 
319 
317 
318 
320 
317 
313 
307 
290 
269 
269 
335 
467 
628 
659 
658 
582 
389 
244 
200 
224 
261 
286 
297 
298 
295 
295 
299 
301 
303 
304 
309 
311 
310 
311 
316 
317 
316 
320 
323 
323 
322 
326 
331 
332 
332 
336 
341 
342 
345 
349 
351 
352 
351 
352 
350 
346 
344 
344 
342 
336 
336 
338 
333 
329 
329 
329 
326 
323 
323 
325 
325 
322 
323 
327 
325 
326 
331 
331 
329 
330 
333 
335 
334 
336 
338 
337 
335 
335 
337 
338 
336 
336 
337 
334 
332 
335 
336 
332 
332 
333 
333 
332 
331 
333 
334 
331 
332 
337 
339 
343 
349 
352 
352 
357 
372 
384 
385 
379 
373 
369 
359 
346 
336 
334 
334 
332 
331 
332 
331 
328 
318 
298 
295 
345 
461 
607 
659 
657 
580 
414 
287 
226 
235 
266 
296 
315 
322 
323 
323 
328 
333 
335 
333 
338 
342 
343 
345 
349 
351 
352 
356 
363 
366 
366 
368 
373 
376 
378 
383 
387 
389 
391 
395 
400 
398 
397 
398 
396 
390 
384 
382 
379 
375 
370 
371 
369 
365 
364 
364 
362 
357 
356 
357 
356 
353 
354 
357 
355 
354 
354 
356 
357 
358 
361 
365 
366 
366 
367 
368 
366 
366 
369 
369 
364 
362 
365 
366 
363 
363 
365 
363 
361 
364 
365 
362 
359 
360 
363 
361 
358 
361 
366 
369 
373 
382 
384 
387 
400 
413 
418 
416 
412 
407 
397 
384 
375 
371 
370 
367 
369 
371 
370 
365 
359 
342 
323 
340 
429 
580 
659 
661 
659 
631 
454 
315 
287 
316 
350 
373 
384 
386 
385 
389 
394 
396 
398 
403 
410 
411 
412 
419 
426 
428 
430 
439 
448 
452 
457 
464 
470 
473 
479 
487 
494 
497 
502 
509 
513 
513 
516 
519 
516 
513 
512 
511 
507 
504 
504 
503 
500 
497 
499 
498 
493 
489 
489 
487 
482 
482 
485 
483 
481 
480 
481 
482 
480 
481 
481 
478 
475 
476 
477 
474 
471 
469 
468 
464 
461 
461 
458 
455 
452 
452 
451 
447 
445 
446 
444 
439 
436 
437 
436 
434 
433 
434 
430 
428 
432 
439 
440 
437 
441 
451 
459 
461 
462 
457 
446 
436 
424 
408 
396 
392 
393 
390 
384 
382 
380 
369 
345 
321 
322 
376 
502 
657 
660 
660 
654 
494 
315 
244 
258 
298 
323 
328 
328 
329 
328 
327 
327 
329 
328 
325 
324 
329 
328 
326 
328 
331 
329 
328 
331 
333 
332 
333 
336 
338 
337 
337 
341 
344 
342 
342 
345 
343 
339 
337 
336 
333 
327 
325 
324 
320 
318 
316 
315 
311 
307 
308 
308 
305 
301 
303 
304 
300 
299 
302 
303 
301 
301 
305 
304 
302 
302 
304 
304 
302 
301 
302 
299 
296 
298 
300 
296 
292 
292 
293 
290 
288 
288 
288 
285 
283 
284 
284 
282 
281 
283 
285 
281 
281 
283 
282 
280 
282 
286 
290 
293 
296 
298 
304 
316 
328 
332 
326 
319 
313 
304 
288 
277 
277 
277 
274 
272 
275 
275 
268 
256 
236 
222 
254 
355 
512 
647 
655 
572 
395 
245 
166 
169 
203 
234 
249 
256 
259 
256 
256 
262 
266 
264 
266 
271 
271 
269 
272 
278 
280 
277 
280 
284 
286 
287 
291 
296 
297 
296 
302 
306 
307 
310 
314 
315 
313 
313 
314 
312 
306 
303 
302 
298 
294 
292 
292 
289 
288 
290 
290 
286 
283 
284 
286 
283 
281 
284 
285 
283 
283 
288 
291 
288 
289 
294 
293 
292 
294 
298 
297 
293 
294 
299 
298 
295 
295 
296 
292 
291 
294 
295 
291 
288 
289 
289 
288 
288 
291 
292 
287 
287 
289 
290 
290 
290 
292 
291 
291 
297 
305 
305 
304 
310 
322 
332 
335 
337 
333 
325 
318 
308 
297 
289 
287 
289 
291 
286 
286 
286 
278 
257 
240 
257 
330 
462 
611 
658 
624 
468 
306 
205 
177 
199 
237 
262 
269 
269 
274 
276 
277 
277 
282 
283 
283 
286 
290 
292 
290 
293 
297 
299 
299 
303 
308 
308 
310 
313 
316 
316 
319 
324 
327 
328 
329 
332 
333 
329 
325 
325 
322 
318 
316 
317 
315 
311 
310 
313 
313 
309 
310 
312 
310 
306 
308 
311 
308 
307 
309 
312 
311 
311 
314 
317 
316 
318 
323 
324 
323 
324 
327 
327 
325 
325 
327 
324 
323 
326 
328 
325 
321 
321 
322 
321 
319 
320 
320 
318 
317 
320 
321 
318 
319 
321 
322 
319 
320 
323 
322 
320 
321 
322 
320 
320 
327 
335 
338 
338 
343 
353 
365 
371 
375 
374 
366 
358 
350 
337 
325 
322 
324 
323 
320 
319 
319 
313 
294 
272 
268 
316 
432 
600 
660 
659 
631 
451 
284 
211 
220 
258 
288 
297 
297 
300 
302 
301 
303 
308 
309 
307 
309 
312 
313 
313 
315 
318 
318 
318 
321 
326 
327 
328 
333 
336 
338 
341 
346 
349 
349 
350 
354 
355 
352 
350 
351 
347 
342 
341 
341 
338 
334 
334 
335 
333 
329 
331 
331 
328 
324 
325 
327 
325 
325 
328 
328 
327 
328 
332 
332 
331 
334 
337 
337 
336 
338 
341 
339 
336 
339 
341 
339 
337 
338 
340 
337 
336 
337 
337 
334 
333 
336 
335 
331 
329 
330 
330 
329 
329 
331 
330 
328 
329 
331 
330 
328 
329 
331 
330 
328 
331 
332 
331 
331 
338 
345 
344 
346 
354 
365 
372 
375 
378 
375 
365 
356 
347 
335 
326 
324 
326 
323 
321 
321 
321 
310 
286 
266 
279 
350 
489 
650 
659 
658 
568 
375 
241 
206 
234 
272 
292 
295 
296 
298 
298 
297 
299 
303 
304 
303 
308 
311 
310 
310 
315 
319 
318 
320 
325 
328 
329 
331 
337 
338 
339 
342 
347 
349 
350 
352 
355 
353 
350 
350 
350 
346 
340 
339 
338 
335 
333 
333 
334 
329 
327 
328 
328 
325 
325 
328 
329 
327 
326 
330 
331 
330 
330 
333 
332 
332 
335 
338 
337 
336 
338 
340 
338 
336 