304 
304 
305 
305 
305 
305 
305 
305 
306 
306 
306 
306 
307 
307 
307 
307 
308 
308 
309 
312 
314 
316 
317 
318 
323 
328 
332 
335 
335 
334 
330 
324 
319 
315 
312 
310 
309 
307 
308 
306 
308 
312 
313 
312 
307 
294 
286 
295 
324 
396 
523 
647 
650 
566 
443 
355 
305 
300 
311 
320 
321 
319 
317 
318 
320 
322 
320 
320 
325 
326 
328 
330 
331 
334 
337 
341 
344 
347 
352 
354 
357 
360 
366 
373 
378 
385 
392 
400 
407 
416 
426 
435 
440 
442 
443 
445 
441 
433 
420 
404 
386 
368 
351 
334 
321 
311 
303 
298 
293 
288 
286 
287 
287 
287 
289 
289 
291 
291 
291 
293 
293 
294 
295 
295 
296 
297 
298 
297 
297 
298 
299 
300 
300 
304 
304 
302 
301 
303 
305 
305 
305 
305 
305 
304 
304 
306 
306 
305 
305 
307 
309 
311 
309 
307 
308 
308 
311 
312 
314 
315 
314 
312 
311 
312 
316 
320 
322 
323 
324 
324 
324 
328 
336 
341 
341 
339 
338 
335 
331 
329 
324 
318 
313 
314 
316 
317 
316 
314 
315 
317 
316 
314 
307 
295 
301 
326 
382 
491 
625 
654 
592 
473 
379 
319 
305 
317 
327 
328 
324 
321 
321 
324 
325 
324 
326 
328 
331 
332 
334 
337 
341 
343 
345 
348 
351 
355 
359 
361 
364 
368 
374 
382 
388 
395 
404 
413 
422 
429 
434 
439 
445 
450 
452 
449 
442 
432 
418 
400 
381 
363 
346 
332 
320 
312 
304 
299 
298 
297 
295 
295 
296 
294 
295 
298 
299 
299 
300 
300 
299 
299 
300 
301 
302 
302 
302 
301 
302 
304 
306 
308 
308 
309 
309 
310 
311 
311 
311 
312 
312 
311 
309 
310 
310 
310 
313 
316 
316 
315 
315 
317 
319 
317 
316 
317 
318 
319 
319 
320 
320 
319 
319 
322 
326 
330 
330 
329 
330 
330 
330 
337 
346 
351 
352 
349 
347 
341 
335 
332 
330 
328 
326 
326 
327 
327 
326 
325 
326 
325 
323 
318 
308 
309 
328 
373 
463 
598 
656 
618 
498 
395 
332 
304 
306 
319 
332 
336 
335 
333 
333 
336 
337 
338 
340 
340 
340 
345 
349 
351 
353 
356 
360 
363 
365 
367 
370 
375 
380 
384 
386 
394 
403 
412 
419 
427 
436 
443 
448 
453 
455 
455 
454 
448 
438 
425 
407 
388 
369 
352 
338 
326 
318 
311 
305 
301 
299 
296 
293 
292 
293 
294 
294 
294 
294 
295 
293 
295 
298 
300 
299 
300 
301 
302 
302 
304 
304 
305 
304 
304 
306 
306 
304 
303 
303 
304 
305 
306 
305 
304 
305 
307 
308 
307 
306 
307 
307 
309 
311 
311 
310 
309 
309 
309 
310 
311 
311 
314 
317 
317 
317 
319 
321 
327 
335 
338 
335 
335 
337 
334 
327 
322 
316 
311 
308 
309 
309 
308 
307 
307 
308 
309 
309 
306 
295 
288 
299 
330 
399 
521 
647 
651 
563 
439 
349 
297 
286 
296 
310 
318 
317 
315 
312 
311 
313 
314 
318 
322 
324 
327 
329 
331 
331 
334 
337 
340 
344 
348 
351 
354 
359 
363 
367 
372 
381 
388 
396 
405 
415 
424 
430 
436 
439 
441 
441 
437 
429 
416 
399 
379 
360 
343 
329 
316 
303 
296 
291 
287 
284 
283 
283 
282 
279 
279 
281 
282 
283 
283 
283 
283 
285 
287 
289 
288 
289 
289 
290 
293 
293 
291 
291 
293 
296 
297 
295 
296 
297 
296 
295 
295 
295 
295 
296 
296 
297 
297 
298 
298 
297 
298 
298 
299 
300 
302 
303 
303 
302 
301 
302 
304 
304 
304 
304 
305 
306 
307 
307 
310 
312 
315 
316 
318 
323 
328 
331 
331 
330 
327 
324 
320 
317 
313 
310 
309 
308 
308 
309 
307 
304 
304 
306 
305 
301 
290 
285 
297 
332 
417 
551 
654 
644 
545 
426 
344 
300 
301 
314 
320 
318 
315 
313 
314 
315 
315 
316 
317 
318 
320 
324 
326 
328 
330 
333 
336 
340 
344 
347 
350 
352 
354 
360 
368 
375 
382 
388 
396 
404 
413 
422 
432 
438 
442 
443 
443 
440 
431 
419 
401 
383 
365 
347 
331 
314 
304 
296 
292 
287 
285 
283 
282 
285 
285 
283 
283 
284 
284 
283 
284 
285 
286 
288 
289 
289 
288 
289 
291 
292 
293 
294 
293 
294 
294 
296 
297 
295 
296 
296 
297 
299 
299 
299 
297 
299 
301 
301 
300 
302 
302 
303 
303 
303 
303 
302 
302 
303 
305 
306 
304 
305 
307 
309 
309 
310 
313 
314 
313 
315 
317 
320 
321 
319 
320 
328 
337 
340 
337 
335 
332 
327 
323 
318 
317 
315 
311 
310 
309 
308 
309 
312 
312 
313 
312 
307 
295 
294 
310 
347 
436 
570 
654 
633 
526 
415 
342 
307 
310 
320 
324 
323 
322 
322 
321 
321 
322 
324 
325 
326 
329 
331 
332 
335 
341 
344 
345 
347 
348 
351 
357 
361 
366 
368 
372 
379 
387 
395 
404 
412 
420 
426 
433 
441 
447 
450 
449 
446 
438 
424 
407 
388 
369 
353 
336 
323 
312 
304 
296 
292 
291 
291 
291 
290 
290 
291 
292 
292 
293 
294 
295 
294 
294 
297 
297 
297 
297 
296 
297 
301 
302 
301 
302 
303 
303 
303 
303 
303 
302 
304 
307 
306 
304 
301 
303 
308 
309 
308 
310 
310 
311 
311 
309 
307 
307 
308 
310 
310 
312 
312 
311 
311 
312 
314 
315 
315 
316 
319 
321 
319 
320 
322 
325 
325 
327 
328 
328 
327 
329 
335 
341 
344 
341 
338 
333 
330 
327 
325 
323 
321 
320 
320 
320 
320 
320 
319 
323 
323 
321 
314 
305 
307 
327 
374 
471 
604 
655 
609 
494 
397 
332 
305 
310 
323 
330 
331 
331 
332 
332 
332 
334 
336 
336 
337 
339 
341 
343 
345 
348 
351 
354 
356 
356 
362 
366 
368 
372 
377 
383 
391 
397 
404 
412 
423 
433 
440 
446 
451 
456 
457 
455 
449 
442 
428 
411 
394 
377 
359 
342 
328 
318 
310 
303 
299 
299 
298 
296 
293 
294 
294 
293 
293 
294 
296 
295 
296 
299 
299 
299 
298 
300 
303 
304 
303 
304 
305 
304 
305 
306 
307 
308 
308 
308 
307 
307 
307 
307 
307 
306 
305 
308 
310 
309 
308 
308 
310 
312 
311 
309 
310 
312 
312 
313 
317 
317 
315 
315 
315 
317 
319 
321 
324 
324 
325 
330 
335 
338 
336 
334 
330 
324 
323 
322 
318 
316 
315 
316 
316 
315 
315 
316 
317 
317 
316 
306 
296 
303 
329 
390 
502 
634 
654 
587 
457 
360 
308 
290 
297 
312 
320 
323 
325 
326 
327 
326 
326 
326 
328 
332 
335 
337 
338 
339 
340 
342 
345 
350 
355 
359 
362 
366 
370 
375 
380 
386 
393 
401 
409 
418 
426 
434 
441 
442 
446 
448 
445 
437 
427 
411 
391 
371 
353 
339 
325 
313 
304 
297 
294 
290 
287 
285 
284 
284 
285 
285 
285 
285 
285 
286 
288 
289 
290 
289 
290 
293 
294 
294 
295 
295 
295 
297 
298 
299 
300 
301 
300 
298 
297 
298 
298 
299 
298 
297 
297 
298 
301 
300 
300 
300 
300 
301 
301 
301 
303 
304 
304 
306 
306 
306 
307 
311 
313 
315 
313 
314 
316 
320 
329 
331 
327 
322 
319 
316 
314 
312 
311 
308 
307 
308 
307 
307 
307 
308 
309 
312 
310 
300 
287 
290 
312 
367 
478 
620 
655 
614 
491 
387 
320 
298 
308 
317 
319 
318 
316 
316 
316 
316 
317 
318 
318 
321 
323 
327 
329 
331 
333 
335 
337 
338 
345 
351 
353 
355 
359 
363 
370 
377 
385 
393 
401 
410 
418 
425 
432 
437 
439 
441 
442 
438 
426 
411 
392 
374 
356 
338 
323 
311 
301 
293 
287 
284 
284 
281 
283 
283 
283 
282 
281 
281 
282 
284 
285 
287 
287 
286 
287 
289 
289 
289 
288 
291 
292 
294 
295 
295 
296 
296 
295 
296 
297 
298 
297 
297 
298 
298 
296 
297 
300 
301 
300 
302 
300 
299 
300 
301 
305 
305 
304 
305 
307 
306 
309 
311 
313 
315 
315 
317 
317 
320 
326 
331 
331 
329 
326 
325 
324 
321 
318 
316 
313 
310 
311 
310 
309 
310 
312 
313 
313 
311 
303 
290 
295 
317 
369 
476 
615 
655 
612 
492 
391 
324 
303 
312 
323 
328 
326 
324 
323 
321 
322 
324 
327 
330 
332 
335 
337 
339 
339 
341 
346 
351 
355 
357 
359 
362 
366 
372 
378 
383 
390 
398 
408 
416 
424 
432 
442 
450 
456 
461 
463 
461 
454 
444 
431 
415 
395 
376 
359 
346 
334 
324 
317 
311 
308 
307 
306 
307 
310 
311 
311 
312 
313 
313 
314 
315 
316 
317 
318 
320 
321 
323 
324 
324 
326 
326 
327 
329 
329 
328 
328 
330 
332 
334 
334 
332 
333 
335 
336 
337 
337 
337 
337 
338 
337 
337 
338 
338 
341 
342 
342 
344 
344 
343 
345 
349 
352 
353 
352 
353 
354 
357 
366 
371 
371 
367 
365 
363 
361 
358 
355 
350 
349 
348 
347 
347 
347 
347 
347 
347 
346 
344 
335 
326 
333 
358 
423 
541 
655 
655 
604 
482 
388 
335 
322 
334 
347 
351 
349 
346 
345 
347 
349 
348 
348 
351 
351 
352 
354 
358 
360 
361 
363 
364 
367 
370 
374 
378 
380 
383 
386 
393 
400 
409 
418 
425 
433 
441 
449 
454 
457 
459 
459 
457 
449 
437 
421 
403 
384 
364 
346 
329 
314 
306 
303 
299 
295 
291 
289 
288 
287 
287 
286 
287 
287 
288 
289 
288 
288 
288 
287 
289 
291 
291 
290 
289 
290 
291 
292 
291 
289 
287 
288 
289 
291 
291 
289 
286 
288 
