313 
313 
313 
313 
314 
314 
314 
314 
314 
314 
315 
315 
315 
315 
315 
315 
315 
316 
316 
316 
315 
313 
313 
328 
357 
406 
488 
596 
652 
592 
491 
375 
298 
285 
285 
294 
310 
320 
322 
322 
322 
322 
325 
325 
328 
331 
333 
335 
337 
338 
340 
343 
347 
351 
353 
356 
360 
364 
369 
374 
378 
383 
389 
394 
399 
405 
412 
418 
424 
428 
431 
433 
435 
435 
435 
433 
430 
424 
415 
404 
392 
377 
364 
351 
338 
327 
318 
312 
306 
303 
301 
300 
299 
298 
298 
299 
299 
299 
301 
303 
302 
303 
304 
304 
305 
306 
306 
306 
306 
306 
306 
306 
305 
305 
304 
303 
302 
302 
303 
302 
301 
300 
300 
299 
299 
300 
300 
302 
302 
302 
303 
303 
303 
303 
304 
304 
303 
303 
304 
304 
305 
305 
305 
305 
306 
307 
308 
308 
309 
309 
308 
309 
309 
311 
311 
311 
311 
310 
311 
311 
312 
314 
318 
322 
327 
330 
331 
334 
335 
339 
343 
343 
341 
333 
328 
327 
326 
322 
317 
314 
313 
314 
314 
315 
316 
315 
316 
317 
317 
314 
315 
332 
365 
416 
501 
605 
650 
580 
479 
365 
295 
286 
286 
298 
315 
323 
325 
323 
323 
324 
326 
328 
329 
332 
335 
336 
337 
339 
342 
345 
347 
350 
353 
357 
360 
366 
370 
375 
380 
385 
391 
397 
403 
408 
415 
421 
427 
431 
435 
438 
439 
439 
439 
438 
435 
430 
421 
409 
396 
382 
366 
352 
341 
330 
321 
314 
308 
304 
301 
299 
298 
299 
300 
300 
300 
301 
301 
302 
303 
303 
303 
305 
305 
305 
305 
306 
306 
304 
304 
304 
305 
303 
302 
302 
300 
301 
300 
300 
299 
299 
298 
298 
297 
297 
297 
297 
296 
296 
298 
299 
297 
297 
298 
298 
297 
297 
299 
298 
298 
299 
301 
302 
302 
302 
302 
303 
303 
303 
303 
303 
303 
303 
304 
306 
308 
312 
316 
319 
324 
326 
327 
329 
333 
333 
330 
325 
319 
316 
315 
313 
307 
304 
302 
303 
304 
304 
305 
305 
306 
307 
307 
303 
303 
318 
349 
397 
474 
583 
650 
602 
499 
378 
293 
276 
279 
283 
298 
310 
313 
313 
314 
315 
316 
317 
319 
322 
324 
326 
329 
333 
336 
338 
341 
344 
348 
351 
355 
359 
364 
370 
374 
381 
386 
392 
399 
404 
409 
415 
422 
428 
431 
433 
435 
437 
436 
436 
432 
426 
416 
404 
390 
375 
359 
346 
333 
321 
312 
305 
300 
295 
292 
290 
289 
289 
289 
290 
290 
292 
292 
293 
294 
294 
295 
295 
296 
297 
297 
299 
298 
298 
299 
298 
299 
298 
299 
298 
297 
295 
295 
295 
295 
295 
295 
295 
294 
294 
295 
295 
295 
297 
297 
298 
298 
299 
298 
298 
299 
299 
300 
302 
304 
306 
310 
316 
321 
325 
327 
330 
332 
333 
332 
329 
325 
323 
319 
314 
309 
305 
302 
302 
302 
302 
302 
303 
304 
305 
305 
306 
305 
302 
307 
330 
367 
427 
522 
631 
650 
568 
451 
329 
274 
273 
277 
288 
305 
314 
318 
318 
317 
319 
320 
323 
325 
327 
330 
333 
336 
338 
340 
344 
348 
351 
355 
359 
362 
367 
371 
377 
382 
389 
394 
401 
409 
414 
420 
425 
430 
434 
437 
439 
439 
440 
439 
435 
427 
419 
409 
395 
382 
367 
354 
342 
330 
322 
314 
309 
305 
303 
302 
300 
301 
301 
301 
302 
302 
303 
303 
304 
305 
306 
307 
308 
310 
311 
312 
312 
312 
313 
312 
312 
311 
311 
311 
310 
310 
309 
308 
308 
308 
308 
308 
308 
308 
308 
307 
307 
308 
308 
309 
309 
310 
311 
311 
312 
313 
313 
312 
312 
314 
313 
314 
314 
315 
316 
317 
320 
323 
328 
335 
338 
341 
343 
344 
344 
345 
343 
339 
335 
331 
328 
322 
317 
314 
311 
311 
311 
312 
313 
313 
313 
313 
313 
313 
311 
310 
324 
355 
403 
481 
588 
654 
608 
507 
390 
298 
278 
281 
292 
311 
320 
321 
321 
321 
320 
321 
323 
325 
328 
329 
331 
333 
334 
337 
339 
343 
346 
350 
355 
358 
362 
366 
371 
377 
382 
388 
394 
401 
407 
415 
421 
428 
432 
436 
439 
442 
444 
444 
441 
436 
429 
420 
407 
392 
379 
364 
350 
337 
327 
318 
310 
305 
301 
299 
296 
296 
296 
296 
296 
295 
296 
297 
297 
299 
300 
300 
299 
300 
301 
302 
302 
303 
303 
302 
301 
302 
302 
301 
299 
299 
298 
298 
297 
296 
296 
296 
295 
294 
294 
294 
294 
295 
296 
295 
295 
296 
295 
295 
295 
295 
295 
295 
296 
297 
297 
297 
298 
297 
298 
298 
299 
300 
298 
299 
301 
303 
306 
311 
316 
321 
323 
324 
325 
328 
328 
328 
325 
319 
316 
314 
311 
306 
302 
300 
301 
301 
302 
303 
303 
304 
304 
305 
302 
300 
311 
338 
378 
444 
543 
634 
622 
524 
418 
310 
271 
272 
279 
296 
309 
313 
313 
312 
312 
313 
315 
317 
319 
321 
325 
327 
330 
332 
334 
336 
339 
343 
346 
351 
355 
360 
365 
369 
375 
381 
387 
394 
401 
408 
413 
419 
424 
429 
432 
435 
435 
436 
435 
433 
427 
419 
406 
393 
379 
365 
350 
337 
326 
315 
308 
302 
297 
294 
292 
291 
292 
292 
292 
293 
293 
292 
294 
296 
297 
297 
298 
299 
299 
298 
300 
300 
301 
301 
300 
300 
299 
299 
299 
299 
298 
298 
298 
298 
298 
297 
296 
297 
296 
297 
297 
298 
298 
298 
299 
299 
298 
299 
299 
300 
301 
301 
302 
302 
303 
303 
305 
305 
305 
306 
308 
307 
307 
308 
311 
312 
316 
321 
326 
330 
332 
333 
336 
338 
339 
336 
331 
326 
323 
322 
320 
314 
311 
309 
311 
311 
312 
312 
312 
312 
311 
311 
308 
306 
318 
346 
390 
463 
568 
643 
605 
505 
393 
300 
274 
276 
283 
299 
311 
314 
314 
313 
312 
316 
317 
319 
321 
323 
325 
328 
331 
333 
335 
337 
339 
343 
347 
352 
356 
361 
366 
371 
376 
382 
388 
393 
400 
407 
412 
417 
421 
425 
428 
430 
432 
432 
431 
429 
423 
412 
400 
388 
376 
363 
349 
337 
326 
317 
311 
305 
302 
299 
297 
297 
297 
298 
299 
300 
301 
301 
301 
301 
303 
304 
305 
307 
309 
310 
310 
311 
310 
309 
311 
311 
310 
308 
308 
309 
309 
309 
308 
308 
309 
308 
307 
307 
308 
308 
309 
308 
308 
308 
309 
309 
308 
308 
308 
309 
309 
309 
309 
310 
311 
311 
311 
311 
311 
313 
314 
313 
313 
315 
317 
318 
321 
326 
331 
336 
339 
339 
340 
342 
343 
341 
337 
331 
327 
325 
322 
319 
315 
313 
313 
313 
314 
314 
314 
315 
315 
315 
311 
308 
318 
344 
383 
448 
546 
633 
620 
523 
422 
322 
284 
284 
288 
304 
317 
322 
322 
321 
322 
323 
325 
326 
328 
330 
332 
334 
337 
339 
342 
345 
348 
352 
355 
358 
362 
367 
372 
378 
383 
388 
395 
400 
407 
413 
420 
425 
431 
434 
437 
440 
443 
442 
441 
438 
433 
424 
412 
399 
387 
372 
357 
344 
334 
324 
316 
310 
306 
302 
300 
299 
299 
300 
300 
300 
299 
301 
301 
302 
303 
303 
304 
305 
305 
306 
307 
307 
307 
307 
308 
307 
306 
305 
306 
305 
304 
303 
302 
302 
302 
301 
301 
301 
301 
301 
300 
300 
299 
300 
300 
300 
301 
301 
301 
301 
301 
302 
303 
302 
302 
304 
304 
304 
304 
305 
306 
307 
306 
308 
310 
314 
318 
322 
326 
329 
330 
333 
336 
337 
335 
329 
323 
320 
318 
316 
311 
307 
306 
306 
307 
309 
309 
309 
310 
310 
310 
307 
306 
318 
346 
389 
458 
560 
638 
603 
503 
398 
306 
281 
282 
287 
303 
314 
319 
318 
318 
318 
320 
322 
324 
326 
327 
329 
333 
335 
336 
340 
343 
346 
348 
352 
357 
362 
367 
371 
375 
381 
388 
394 
399 
406 
413 
419 
425 
429 
433 
437 
439 
441 
442 
440 
436 
430 
422 
410 
396 
381 
367 
352 
339 
327 
318 
311 
304 
299 
296 
294 
293 
293 
293 
294 
294 
295 
296 
295 
296 
297 
297 
298 
299 
299 
299 
299 
300 
300 
300 
299 
299 
297 
296 
296 
296 
296 
295 
294 
293 
294 
294 
294 
292 
292 
293 
295 
294 
293 
293 
293 
295 
295 
295 
295 
296 
296 
297 
299 
298 
299 
298 
300 
302 
304 
307 
312 
317 
321 
323 
326 
328 
330 
330 
328 
324 
321 
318 
315 
311 
307 
304 
304 
304 
305 
305 
305 
306 
307 
309 
309 
307 
304 
310 
333 
368 
424 
516 
621 
644 
562 
454 
339 
286 
285 
286 
295 
312 
320 
323 
323 
325 
326 
328 
329 
331 
332 
335 
337 
340 
342 
345 
348 
351 
355 
359 
362 
366 
370 
375 
379 
384 
390 
396 
403 
409 
415 
421 
427 
432 
437 
440 
441 
443 
442 
441 
438 
434 
426 
415 
402 
388 
374 
360 
347 
334 
324 
317 
312 
308 
305 
303 
302 
301 
302 
303 
304 
305 
304 
305 
306 
307 
307 
308 
309 
310 
310 
310 
310 
310 
311 
311 
311 
310 
311 
311 
310 
311 
310 
309 
308 
308 
307 
306 
306 
306 
306 
307 
307 
307 
308 
309 
307 
308 
307 
308 
308 
308 
309 
310 
311 
311 
312 
313 
314 
316 
321 
326 
332 
335 
337 
336 
339 
341 
340 
337 
333 
329 
326 
324 
321 
316 
313 
311 
312 
312 
311 
311 
312 
312 
313 
313 
311 
308 
319 
345 
386 
451 
552 
636 
616 
519 
416 
314 
280 
281 
286 