342 
342 
343 
345 
346 
347 
348 
349 
350 
350 
351 
352 
352 
352 
352 
353 
352 
353 
359 
362 
361 
363 
367 
367 
366 
365 
364 
363 
361 
362 
358 
352 
347 
345 
340 
331 
327 
327 
326 
319 
317 
318 
316 
314 
313 
316 
313 
313 
316 
315 
311 
312 
316 
318 
318 
318 
319 
318 
320 
322 
324 
322 
320 
321 
324 
326 
321 
320 
323 
322 
321 
320 
319 
318 
319 
320 
320 
317 
315 
318 
320 
319 
318 
320 
322 
319 
317 
319 
323 
321 
320 
327 
330 
328 
328 
332 
339 
344 
348 
351 
348 
339 
332 
325 
321 
318 
319 
318 
316 
316 
316 
315 
316 
317 
318 
317 
309 
296 
291 
309 
365 
468 
613 
661 
661 
656 
478 
325 
287 
298 
305 
304 
302 
303 
304 
302 
303 
306 
308 
309 
309 
311 
314 
316 
317 
321 
319 
318 
322 
328 
329 
328 
330 
334 
339 
343 
344 
347 
348 
348 
350 
351 
351 
347 
347 
348 
347 
344 
342 
339 
335 
334 
331 
327 
324 
320 
318 
315 
312 
312 
313 
311 
307 
309 
310 
309 
311 
314 
315 
312 
310 
312 
316 
316 
319 
319 
319 
318 
318 
320 
322 
321 
320 
322 
323 
321 
321 
323 
320 
320 
319 
320 
319 
318 
318 
319 
319 
318 
319 
319 
318 
317 
318 
321 
321 
319 
322 
323 
319 
321 
324 
324 
324 
325 
331 
333 
330 
328 
333 
338 
343 
348 
354 
350 
337 
330 
324 
318 
317 
320 
320 
316 
315 
318 
318 
316 
317 
319 
317 
306 
291 
286 
313 
389 
506 
656 
661 
660 
656 
479 
327 
291 
299 
306 
305 
302 
302 
302 
301 
303 
304 
305 
305 
307 
312 
313 
313 
312 
314 
316 
318 
321 
325 
329 
330 
332 
335 
337 
339 
341 
345 
348 
348 
351 
352 
353 
352 
351 
351 
350 
349 
349 
347 
342 
337 
335 
330 
325 
323 
321 
319 
316 
316 
318 
317 
314 
314 
316 
316 
315 
314 
314 
314 
316 
319 
320 
317 
315 
319 
320 
320 
320 
324 
323 
320 
319 
321 
320 
319 
318 
317 
317 
318 
320 
322 
318 
316 
318 
319 
317 
317 
317 
318 
317 
317 
319 
321 
321 
321 
321 
321 
320 
321 
323 
323 
321 
321 
323 
322 
321 
323 
323 
322 
322 
322 
323 
325 
324 
327 
327 
330 
331 
331 
332 
334 
340 
347 
352 
353 
353 
345 
336 
327 
326 
325 
323 
321 
322 
323 
321 
320 
322 
324 
323 
322 
315 
301 
295 
321 
394 
502 
649 
661 
660 
658 
501 
340 
299 
303 
306 
307 
306 
304 
303 
305 
306 
307 
306 
309 
313 
315 
315 
317 
320 
320 
322 
325 
326 
326 
329 
332 
335 
337 
338 
340 
343 
343 
343 
345 
345 
345 
349 
349 
348 
347 
347 
346 
344 
343 
342 
338 
335 
332 
330 
327 
322 
317 
316 
314 
313 
312 
312 
312 
311 
311 
312 
312 
312 
313 
314 
313 
314 
316 
316 
315 
316 
318 
316 
315 
316 
318 
318 
314 
314 
314 
313 
312 
313 
313 
310 
308 
309 
311 
313 
313 
314 
313 
313 
313 
313 
314 
312 
312 
316 
317 
315 
317 
320 
319 
319 
318 
318 
317 
317 
317 
319 
317 
316 
318 
320 
318 
316 
316 
318 
323 
328 
329 
327 
328 
332 
341 
347 
350 
350 
345 
337 
329 
322 
322 
322 
320 
318 
319 
318 
317 
318 
321 
321 
319 
316 
306 
290 
297 
346 
443 
581 
660 
661 
660 
608 
406 
307 
299 
305 
308 
308 
305 
303 
304 
305 
304 
302 
306 
309 
311 
313 
316 
320 
320 
321 
325 
328 
329 
332 
335 
337 
338 
339 
343 
347 
349 
354 
357 
356 
355 
354 
357 
360 
358 
356 
355 
355 
355 
353 
348 
340 
334 
337 
335 
327 
323 
323 
324 
322 
321 
320 
318 
315 
315 
317 
319 
319 
319 
321 
321 
318 
321 
323 
323 
328 
330 
328 
326 
326 
329 
331 
328 
329 
332 
330 
326 
327 
330 
330 
326 
326 
327 
329 
326 
325 
325 
324 
324 
329 
331 
332 
328 
327 
329 
331 
329 
330 
331 
331 
334 
333 
333 
333 
332 
331 
332 
337 
338 
336 
338 
342 
348 
354 
358 
359 
357 
350 
338 
332 
334 
333 
328 
325 
327 
329 
329 
327 
328 
329 
329 
327 
318 
303 
301 
329 
403 
519 
658 
661 
661 
623 
421 
312 
301 
310 
312 
314 
315 
311 
308 
309 
314 
315 
313 
315 
319 
318 
318 
322 
325 
326 
326 
330 
334 
333 
336 
341 
343 
345 
348 
351 
354 
356 
358 
360 
362 
362 
365 
367 
364 
361 
360 
358 
356 
352 
349 
346 
340 
334 
330 
326 
324 
322 
319 
315 
312 
311 
313 
312 
311 
311 
315 
315 
314 
314 
316 
317 
316 
318 
320 
317 
317 
321 
321 
320 
320 
321 
321 
321 
322 
324 
321 
317 
319 
318 
316 
317 
319 
319 
317 
318 
320 
319 
318 
319 
321 
321 
322 
323 
322 
320 
320 
320 
323 
323 
323 
322 
323 
325 
327 
332 
332 
328 
329 
340 
344 
347 
351 
349 
341 
332 
325 
321 
319 
320 
318 
315 
314 
314 
318 
322 
321 
316 
316 
311 
297 
286 
309 
380 
488 
635 
661 
660 
656 
484 
334 
296 
299 
301 
304 
304 
302 
303 
304 
303 
303 
306 
309 
310 
311 
313 
314 
316 
317 
319 
322 
326 
327 
330 
333 
333 
335 
340 
344 
345 
344 
348 
350 
350 
352 
355 
353 
352 
354 
353 
349 
347 
346 
343 
336 
331 
327 
327 
325 
321 
319 
317 
313 
311 
312 
313 
312 
310 
310 
313 
314 
315 
316 
315 
313 
318 
322 
319 
317 
319 
320 
318 
319 
320 
322 
321 
319 
320 
321 
320 
319 
320 
320 
319 
319 
320 
319 
318 
319 
320 
319 
317 
318 
320 
320 
320 
320 
320 
320 
321 
325 
328 
330 
331 
331 
332 
335 
342 
348 
351 
351 
349 
344 
333 
323 
321 
320 
320 
317 
316 
316 
316 
314 
314 
317 
317 
314 
304 
291 
285 
316 
393 
508 
656 
661 
661 
654 
464 
319 
291 
300 
304 
304 
303 
301 
300 
299 
301 
300 
301 
304 
307 
306 
306 
310 
314 
314 
317 
320 
322 
324 
326 
330 
331 
331 
335 
339 
339 
339 
345 
346 
348 
348 
349 
352 
351 
348 
348 
348 
345 
340 
338 
333 
328 
324 
320 
318 
315 
312 
310 
309 
305 
307 
310 
310 
309 
308 
308 
310 
310 
312 
314 
314 
313 
314 
316 
316 
317 
318 
318 
318 
317 
317 
317 
316 
318 
318 
318 
316 
316 
319 
319 
318 
317 
318 
317 
316 
317 
319 
319 
317 
318 
317 
318 
318 
319 
321 
320 
319 
321 
322 
322 
323 
324 
326 
328 
328 
326 
327 
332 
340 
346 
350 
350 
346 
341 
333 
325 
321 
319 
318 
318 
319 
319 
317 
316 
318 
318 
317 
316 
309 
295 
286 
308 
379 
489 
640 
661 
661 
659 
512 
343 
297 
302 
307 
307 
306 
301 
300 
302 
303 
302 
303 
305 
307 
310 
311 
314 
316 
316 
318 
319 
322 
324 
326 
329 
332 
334 
337 
339 
340 
340 
343 
345 
347 
347 
347 
347 
345 
346 
347 
348 
345 
343 
340 
337 
332 
329 
328 
327 
322 
319 
318 
316 
314 
314 
315 
312 
312 
313 
314 
314 
315 
316 
316 
315 
315 
317 
318 
317 
319 
322 
322 
320 
320 
322 
321 
320 
321 
321 
320 
318 
318 
318 
318 
317 
317 
319 
317 
317 
319 
321 
319 
317 
318 
319 
320 
320 
321 
321 
320 
321 
323 
322 
322 
324 
326 
325 
325 
329 
334 
330 
328 
333 
341 
346 
350 
353 
352 
344 
335 
328 
326 
324 
322 
323 
323 
322 
322 
323 
322 
320 
322 
322 
316 
303 
291 
308 
368 
471 
621 
661 
661 
660 
567 
375 
305 
305 
311 
312 
307 
302 
301 
301 
301 
304 
307 
307 
308 
313 
317 
315 
313 
317 
321 
320 
321 
325 
329 
330 
332 
337 
342 
341 
342 
347 
351 
352 
353 
355 
355 
353 
355 
358 
356 
353 
352 
350 
347 
344 
341 
337 
331 
325 
324 
326 
324 
318 
318 
319 
316 
314 
315 
320 
319 
319 
322 
323 
320 
321 
323 
323 
322 
325 
328 
328 
328 
329 
331 
331 
329 
328 
328 
328 
328 
330 
329 
327 
327 
329 
330 
325 
324 
328 
328 
324 
325 
327 
325 
326 
326 
327 
327 
326 
326 
329 
328 
329 
330 
332 
330 
327 
330 
334 
336 
337 
337 
338 
342 
347 
353 
357 
358 
353 
347 
338 
329 
329 
332 
330 
328 
329 
328 
325 
325 
326 
327 
327 
323 
313 
297 
301 
342 
430 
560 
659 
661 
660 
574 
385 
304 
301 
310 
307 
310 
311 
310 
308 
313 
314 
313 
311 
313 
315 
318 
320 
323 
323 
325 
325 
327 
332 
337 
336 
339 
344 
344 
346 
354 
355 
354 
356 
358 
361 
361 
361 
364 
364 
361 
357 
357 
352 
347 
347 
344 
338 
330 
329 
327 
322 
321 
320 
317 
314 
316 
314 
312 
310 
311 
314 
312 
312 
314 
316 
316 
315 
317 
316 
317 
318 
319 
320 
319 
318 
318 
319 
318 
317 
317 
317 
316 
318 
318 
319 
316 
315 
318 
316 
315 
317 
319 
316 
317 
319 
319 
319 
319 
320 
319 
319 
323 
327 
327 
323 
327 
334 
339 
345 
349 
349 
344 
334 
325 
322 
319 
318 
316 
317 
317 
316 
315 
315 
315 
316 
318 
314 
300 
285 
297 
339 
425 
552 
660 
661 
660 
558 
368 
294 
294 
304 
307 
306 
303 
302 
303 
303 
304 
306 
308 
308 
309 
312 
315 
316 
319 
323 
325 
324 
326 
329 
332 