344 
356 
371 
389 
410 
434 
460 
488 
518 
548 
574 
595 
609 
615 
613 
605 
590 
566 
464 
391 
341 
316 
321 
331 
337 
340 
341 
340 
340 
341 
345 
348 
348 
351 
355 
357 
358 
360 
363 
365 
369 
373 
379 
380 
382 
387 
390 
393 
399 
405 
411 
417 
423 
429 
435 
438 
443 
446 
445 
444 
442 
438 
428 
415 
405 
393 
380 
368 
360 
352 
346 
342 
342 
339 
338 
338 
342 
341 
339 
339 
341 
344 
342 
342 
346 
346 
346 
348 
349 
347 
348 
350 
350 
348 
347 
349 
351 
349 
347 
350 
350 
349 
348 
348 
349 
347 
348 
348 
350 
350 
351 
352 
351 
349 
350 
351 
350 
350 
352 
353 
352 
355 
359 
361 
361 
362 
363 
363 
365 
372 
377 
375 
371 
371 
367 
362 
358 
358 
356 
353 
349 
348 
350 
349 
349 
351 
352 
347 
338 
333 
343 
364 
424 
531 
630 
626 
540 
446 
386 
350 
348 
356 
359 
358 
356 
355 
353 
355 
358 
360 
360 
361 
365 
368 
368 
370 
373 
374 
376 
381 
384 
386 
389 
394 
399 
403 
406 
412 
418 
421 
427 
434 
440 
444 
447 
451 
452 
450 
448 
445 
438 
427 
415 
402 
388 
376 
366 
357 
348 
342 
340 
337 
334 
333 
334 
334 
333 
334 
337 
338 
338 
338 
341 
342 
340 
342 
344 
344 
343 
343 
344 
343 
342 
343 
343 
341 
341 
342 
343 
344 
343 
345 
343 
341 
343 
346 
346 
344 
345 
345 
344 
342 
345 
347 
346 
343 
345 
347 
347 
347 
347 
349 
349 
350 
355 
357 
358 
359 
360 
362 
365 
369 
371 
368 
365 
363 
362 
358 
354 
351 
349 
347 
346 
347 
348 
350 
349 
348 
346 
336 
330 
341 
363 
415 
513 
617 
625 
543 
448 
389 
351 
343 
350 
354 
355 
353 
353 
353 
353 
353 
356 
358 
359 
362 
365 
367 
367 
371 
375 
376 
377 
379 
382 
385 
386 
390 
395 
399 
404 
410 
414 
418 
423 
428 
435 
440 
443 
446 
446 
443 
436 
431 
420 
408 
396 
384 
370 
357 
348 
340 
334 
329 
328 
326 
322 
321 
321 
322 
320 
320 
323 
324 
322 
323 
324 
324 
321 
321 
323 
323 
323 
323 
325 
324 
322 
323 
323 
322 
320 
322 
323 
320 
319 
320 
320 
318 
318 
319 
318 
316 
316 
318 
317 
316 
317 
318 
316 
314 
313 
316 
315 
314 
317 
320 
320 
320 
323 
321 
319 
322 
330 
335 
333 
330 
328 
322 
318 
314 
312 
309 
306 
305 
304 
301 
300 
301 
302 
301 
297 
289 
284 
291 
313 
368 
461 
554 
545 
458 
375 
323 
288 
276 
283 
292 
298 
300 
298 
296 
297 
298 
298 
300 
303 
307 
308 
309 
310 
312 
314 
316 
320 
321 
322 
325 
330 
332 
334 
338 
343 
348 
353 
360 
367 
374 
378 
381 
384 
385 
386 
385 
381 
374 
364 
352 
339 
326 
315 
305 
296 
288 
283 
280 
276 
273 
274 
273 
273 
273 
276 
278 
278 
280 
282 
281 
281 
283 
286 
286 
285 
286 
287 
287 
285 
286 
288 
288 
287 
289 
290 
289 
287 
288 
289 
290 
291 
293 
293 
292 
292 
294 
294 
292 
294 
296 
295 
295 
298 
302 
304 
307 
308 
310 
310 
312 
318 
326 
329 
327 
326 
324 
317 
313 
314 
311 
307 
303 
306 
306 
304 
304 
307 
307 
306 
299 
290 
293 
311 
356 
443 
552 
584 
512 
417 
353 
310 
291 
296 
304 
308 
313 
313 
311 
311 
313 
315 
316 
319 
325 
326 
327 
330 
331 
333 
334 
337 
341 
344 
348 
353 
355 
358 
362 
370 
375 
380 
386 
394 
400 
404 
408 
412 
414 
412 
411 
409 
403 
393 
384 
374 
358 
345 
336 
327 
318 
313 
311 
308 
306 
305 
305 
307 
307 
309 
311 
311 
312 
312 
314 
316 
316 
316 
317 
317 
317 
319 
320 
320 
320 
321 
321 
320 
319 
319 
319 
318 
319 
320 
321 
320 
320 
322 
322 
323 
324 
326 
324 
324 
325 
327 
326 
326 
331 
333 
333 
334 
337 
338 
339 
345 
352 
353 
349 
347 
346 
341 
339 
338 
334 
331 
328 
328 
329 
328 
328 
330 
331 
328 
321 
311 
316 
332 
372 
460 
575 
620 
563 
464 
391 
343 
325 
332 
336 
336 
336 
335 
334 
334 
337 
339 
340 
342 
346 
349 
347 
350 
354 
357 
358 
363 
366 
367 
369 
374 
379 
381 
384 
390 
397 
400 
405 
413 
422 
426 
430 
433 
436 
435 
434 
434 
428 
418 
407 
395 
379 
366 
354 
346 
337 
330 
326 
325 
322 
320 
321 
322 
321 
322 
324 
324 
325 
324 
327 
328 
326 
328 
329 
328 
327 
328 
331 
330 
327 
327 
328 
327 
326 
325 
326 
324 
324 
326 
325 
324 
324 
324 
325 
324 
323 
324 
324 
323 
323 
324 
326 
324 
326 
329 
329 
329 
332 
333 
332 
336 
344 
347 
345 
340 
337 
334 
329 
325 
322 
318 
314 
313 
314 
315 
314 
313 
313 
312 
305 
294 
293 
308 
341 
418 
530 
590 
545 
447 
370 
318 
296 
302 
309 
310 
308 
307 
304 
303 
305 
308 
309 
310 
314 
317 
317 
318 
321 
323 
325 
327 
330 
332 
335 
337 
341 
345 
346 
350 
355 
361 
367 
374 
382 
387 
392 
395 
396 
396 
394 
394 
390 
380 
368 
355 
342 
326 
315 
308 
300 
289 
285 
284 
282 
280 
280 
281 
281 
282 
285 
286 
284 
285 
287 
289 
289 
289 
290 
293 
292 
292 
294 
294 
291 
293 
295 
296 
296 
297 
298 
297 
296 
299 
301 
300 
301 
301 
303 
303 
303 
304 
306 
307 
308 
311 
312 
312 
316 
321 
323 
324 
325 
328 
332 
335 
341 
346 
342 
339 
337 
336 
336 
332 
329 
328 
327 
326 
327 
329 
330 
330 
331 
329 
319 
313 
324 
347 
402 
501 
600 
596 
509 
423 
368 
332 
325 
334 
341 
342 
341 
341 
341 
341 
341 
344 
345 
346 
349 
352 
353 
354 
357 
360 
360 
359 
363 
367 
370 
373 
376 
381 
383 
387 
392 
397 
401 
408 
415 
419 
420 
423 
426 
424 
421 
418 
410 
399 
384 
369 
357 
344 
331 
322 
315 
306 
299 
297 
297 
293 
289 
290 
291 
291 
292 
292 
293 
291 
290 
288 
288 
288 
288 
287 
285 
283 
283 
282 
281 
279 
279 
279 
276 
274 
275 
274 
271 
270 
270 
270 
267 
266 
266 
264 
263 
264 
264 
263 
263 
266 
267 
266 
265 
266 
269 
274 
279 
280 
278 
274 
268 
262 
258 
254 
251 
250 
246 
242 
243 
243 
243 
241 
241 
240 
230 
228 
241 
272 
334 
435 
509 
471 
371 
298 
253 
222 
214 
226 
240 
247 
247 
244 
243 
244 
245 
250 
253 
253 
253 
256 
258 
262 
263 
267 
271 
273 
276 
279 
282 
284 
289 
294 
298 
303 
310 
317 
323 
328 
334 
341 
345 
347 
347 
347 
344 
339 
333 
324 
312 
299 
289 
279 
269 
262 
257 
254 
251 
250 
252 
254 
254 
255 
256 
258 
260 
263 
267 
269 
269 
272 
271 
271 
272 
275 
277 
277 
276 
278 
276 
277 
278 
280 
281 
281 
283 
284 
285 
286 
289 
291 
291 
291 
293 
296 
299 
301 
304 
307 
310 
312 
316 
322 
329 
335 
336 
336 
334 
332 
328 
326 
323 
322 
322 
321 
321 
324 
327 
327 
327 
327 
322 
313 
315 
334 
371 
449 
560 
612 
551 
452 
387 
345 
323 
325 
336 
346 
350 
348 
348 
350 
350 
352 
354 
359 
362 
365 
368 
370 
372 
375 
379 
383 
384 
389 
393 
397 
400 
404 
409 
414 
419 
427 
433 
440 
445 
450 
457 
459 
461 
462 
460 
455 
448 
440 
429 
415 
403 
392 
382 
373 
366 
361 
355 
352 
352 
353 
353 
351 
355 
356 
355 
354 
357 
358 
358 
357 
359 
359 
357 
358 
359 
358 
359 
360 
363 
361 
359 
360 
362 
361 
359 
359 
359 
359 
359 
361 
361 
361 
360 
361 
362 
361 
362 
365 
368 
369 
371 
373 
372 
373 
379 
388 
389 
387 
387 
383 
377 
372 
371 
369 
365 
363 
362 
362 
361 
360 
361 
360 
357 
350 
342 
345 
362 
403 
491 
603 
642 
580 
480 
409 
363 
350 
357 
361 
361 
360 
360 
357 
356 
359 
362 
363 
364 
367 
367 
366 
368 
373 
376 
377 
379 
382 
383 
384 
388 
393 
394 
396 
403 
410 
413 
420 
427 
432 
434 
438 
443 
445 
443 
441 
438 
433 
423 
410 
398 
383 
369 
359 
350 
342 
335 
332 
329 
327 
327 
328 
328 
328 
328 
330 
329 
328 
329 
332 
332 
330 
331 
333 
334 
333 
333 
333 
333 
332 
332 
332 
330 
330 
332 
331 
329 
329 
332 
332 
330 
329 
332 
332 
329 
330 
332 
331 
331 
332 
334 
336 
337 
339 
341 
342 
348 
352 
354 
351 
349 
346 
343 
339 
335 
333 
330 
324 
323 
324 
324 
324 
326 
326 
324 
315 
307 
312 
328 
376 
470 
580 
603 
527 
430 
367 
324 
314 
324 
329 
328 
328 
327 
325 
324 
327 
331 
332 
333 
334 
338 
339 
340 
343 
345 
346 
350 
353 
356 
357 
359 
363 
367 
370 
375 
382 
387 
393 
399 
407 
413 
417 
419 
421 
419 
417 
414 
409 
399 
386 
373 
359 
343 
332 
326 
318 
310 
305 
305 
304 
302 
302 
303 
301 
301 
303 
305 
305 
304 
306 
307 
306 
305 
304 
304 
305 
306 
307 
307 
305 
306 
307 
307 
306 
306 
308 
306 
305 
307 
308 
307 
305 
306 
307 
309 
307 
308 
311 
312 
313 
316 
318 
319 
319 
324 
330 
333 
333 
334 
331 
325 
321 
319 
315 
308 
308 