316 
315 
314 
313 
313 
313 
312 
313 
313 
314 
314 
315 
314 
314 
314 
314 
314 
313 
315 
318 
318 
317 
318 
322 
323 
325 
325 
326 
327 
330 
333 
337 
337 
339 
344 
348 
349 
351 
355 
358 
359 
362 
365 
364 
362 
362 
363 
360 
357 
357 
354 
346 
340 
336 
333 
327 
324 
321 
317 
314 
312 
310 
311 
308 
307 
309 
308 
307 
307 
310 
311 
312 
311 
311 
310 
311 
314 
317 
317 
315 
317 
319 
318 
316 
319 
320 
318 
317 
318 
317 
316 
316 
317 
314 
312 
312 
313 
314 
312 
312 
313 
312 
313 
314 
315 
314 
314 
314 
315 
314 
315 
317 
317 
318 
317 
317 
318 
316 
317 
319 
318 
317 
317 
320 
321 
317 
317 
319 
319 
319 
321 
319 
319 
319 
320 
322 
322 
321 
324 
326 
325 
324 
326 
327 
325 
324 
326 
329 
329 
331 
334 
333 
331 
334 
343 
347 
350 
351 
347 
342 
336 
331 
329 
327 
326 
326 
327 
326 
325 
325 
323 
322 
324 
327 
322 
311 
296 
304 
349 
435 
565 
659 
661 
660 
615 
413 
309 
299 
306 
309 
309 
307 
306 
306 
304 
305 
308 
310 
311 
315 
316 
317 
319 
320 
323 
323 
322 
325 
329 
332 
335 
338 
340 
341 
344 
349 
351 
352 
352 
358 
360 
360 
360 
363 
363 
360 
359 
357 
354 
350 
346 
340 
335 
331 
329 
325 
320 
318 
316 
316 
314 
311 
311 
310 
309 
309 
311 
312 
312 
314 
315 
315 
314 
314 
314 
314 
315 
316 
317 
317 
317 
319 
321 
321 
319 
319 
320 
318 
318 
321 
320 
318 
318 
319 
317 
315 
316 
317 
317 
316 
316 
318 
317 
316 
318 
321 
320 
321 
322 
324 
325 
324 
325 
326 
327 
326 
327 
327 
324 
324 
327 
327 
326 
325 
327 
327 
327 
328 
329 
328 
328 
329 
330 
330 
330 
330 
331 
331 
330 
330 
331 
332 
334 
338 
341 
336 
334 
338 
344 
346 
349 
351 
348 
342 
337 
335 
333 
331 
330 
330 
329 
328 
328 
329 
328 
326 
326 
327 
318 
304 
298 
324 
391 
498 
652 
660 
661 
659 
527 
354 
301 
307 
314 
315 
313 
311 
311 
311 
310 
314 
316 
319 
320 
321 
321 
322 
325 
328 
330 
329 
331 
334 
338 
342 
344 
346 
347 
350 
356 
362 
364 
364 
368 
371 
373 
376 
377 
377 
375 
374 
371 
367 
362 
356 
351 
344 
338 
333 
329 
326 
320 
318 
319 
317 
315 
314 
314 
311 
311 
313 
313 
313 
313 
315 
316 
317 
318 
319 
320 
320 
320 
322 
323 
323 
323 
325 
326 
324 
327 
330 
328 
324 
325 
327 
325 
323 
322 
322 
323 
325 
326 
322 
324 
324 
325 
326 
325 
326 
326 
326 
327 
327 
328 
327 
327 
325 
327 
329 
330 
329 
329 
330 
329 
328 
329 
329 
328 
329 
332 
332 
330 
333 
334 
332 
333 
336 
335 
334 
334 
334 
336 
338 
336 
332 
334 
340 
347 
353 
355 
353 
354 
347 
340 
336 
335 
336 
335 
333 
334 
336 
334 
332 
334 
334 
331 
322 
309 
303 
322 
384 
486 
623 
660 
661 
657 
490 
339 
301 
309 
314 
315 
317 
317 
316 
315 
316 
317 
319 
321 
322 
324 
323 
327 
331 
332 
335 
337 
338 
341 
343 
348 
352 
351 
355 
360 
363 
365 
368 
374 
379 
379 
380 
384 
385 
382 
383 
382 
380 
373 
368 
360 
353 
345 
338 
336 
329 
323 
321 
320 
317 
313 
313 
312 
311 
309 
312 
314 
314 
314 
314 
312 
311 
312 
315 
316 
317 
318 
321 
321 
320 
320 
320 
319 
318 
320 
322 
321 
320 
319 
319 
317 
317 
319 
317 
315 
313 
315 
316 
315 
316 
316 
317 
317 
317 
319 
318 
317 
319 
319 
317 
316 
318 
319 
318 
319 
319 
321 
321 
319 
319 
321 
322 
322 
323 
323 
321 
321 
323 
327 
327 
326 
328 
330 
333 
340 
347 
348 
344 
341 
335 
327 
322 
322 
323 
322 
321 
320 
319 
318 
317 
318 
318 
314 
304 
290 
295 
334 
420 
546 
659 
661 
661 
629 
425 
306 
292 
303 
304 
304 
304 
304 
303 
303 
305 
306 
306 
308 
310 
313 
314 
316 
318 
320 
320 
324 
329 
330 
332 
335 
338 
339 
341 
346 
351 
353 
356 
360 
365 
366 
369 
372 
372 
369 
369 
368 
365 
360 
355 
349 
343 
334 
329 
327 
322 
317 
314 
313 
310 
307 
308 
311 
311 
309 
309 
310 
309 
309 
311 
312 
311 
311 
313 
313 
313 
313 
316 
316 
316 
317 
320 
319 
318 
320 
323 
321 
318 
317 
318 
317 
317 
319 
319 
317 
317 
318 
319 
318 
315 
317 
317 
315 
314 
316 
315 
314 
315 
318 
317 
319 
319 
317 
317 
318 
319 
320 
318 
317 
318 
319 
319 
319 
322 
322 
321 
322 
322 
323 
320 
321 
323 
325 
328 
331 
330 
329 
334 
340 
346 
348 
348 
347 
343 
335 
326 
324 
323 
322 
323 
325 
325 
321 
321 
321 
321 
322 
319 
310 
296 
303 
347 
440 
573 
660 
661 
661 
643 
441 
315 
297 
303 
305 
305 
304 
301 
299 
301 
302 
303 
304 
306 
310 
311 
314 
317 
318 
320 
322 
326 
328 
327 
331 
334 
336 
336 
341 
346 
347 
349 
353 
358 
361 
362 
365 
367 
367 
367 
367 
366 
362 
360 
357 
351 
346 
340 
334 
328 
324 
323 
321 
317 
310 
310 
312 
314 
312 
312 
313 
312 
314 
315 
313 
313 
314 
315 
316 
314 
315 
317 
317 
318 
318 
318 
318 
318 
319 
319 
318 
319 
320 
320 
318 
317 
319 
319 
317 
319 
320 
319 
317 
318 
320 
319 
319 
319 
320 
319 
318 
318 
320 
321 
319 
320 
321 
322 
320 
323 
325 
323 
323 
324 
324 
323 
323 
325 
324 
322 
324 
326 
324 
320 
321 
324 
325 
325 
325 
328 
326 
324 
328 
333 
337 
344 
350 
349 
343 
335 
326 
318 
315 
314 
315 
315 
312 
312 
312 
310 
309 
307 
307 
299 
282 
272 
292 
353 
456 
600 
661 
660 
657 
490 
320 
270 
276 
284 
284 
281 
279 
280 
281 
281 
281 
281 
283 
284 
285 
286 
286 
285 
288 
291 
292 
292 
294 
296 
297 
299 
302 
306 
307 
309 
311 
312 
314 
316 
318 
320 
320 
321 
323 
323 
319 
317 
315 
312 
306 
300 
293 
287 
281 
277 
275 
271 
267 
264 
261 
258 
256 
254 
249 
241 
236 
234 
232 
230 
230 
231 
232 
231 
232 
234 
233 
232 
233 
234 
232 
232 
231 
229 
228 
227 
227 
224 
222 
222 
224 
223 
222 
221 
221 
221 
218 
220 
223 
224 
224 
226 
227 
228 
228 
230 
232 
232 
232 
234 
236 
236 
237 
237 
240 
241 
242 
246 
247 
247 
248 
250 
249 
250 
251 
253 
256 
256 
258 
259 
260 
261 
264 
266 
267 
268 
271 
273 
274 
275 
278 
284 
290 
297 
303 
305 
300 
295 
289 
283 
282 
282 
284 
283 
283 
286 
287 
288 
289 
290 
292 
287 
276 
264 
281 
338 
439 
583 
660 
660 
659 
535 
342 
272 
276 
283 
282 
275 
270 
264 
259 
252 
245 
244 
245 
249 
255 
260 
264 
267 
272 
275 
278 
281 
287 
293 
297 
301 
305 
308 
312 
315 
317 
318 
319 
319 
318 
316 
313 
313 
313 
310 
306 
304 
302 
298 
294 
292 
287 
282 
277 
276 
273 
270 
270 
270 
267 
266 
269 
272 
274 
274 
278 
280 
282 
283 
285 
289 
290 
293 
295 
298 
300 
304 
307 
310 
311 
314 
319 
322 
323 
324 
328 
329 
331 
333 
334 
334 
333 
331 
330 
331 
332 
336 
340 
344 
349 
356 
363 
368 
373 
378 
385 
388 
395 
402 
407 
409 
413 
417 
422 
425 
429 
433 
437 
439 
442 
447 
450 
451 
456 
461 
464 
465 
466 
470 
471 
474 
476 
479 
483 
486 
487 
489 
492 
496 
503 
509 
513 
510 
505 
499 
494 
492 
489 
488 
488 
491 
491 
492 
493 
491 
490 
491 
490 
480 
464 
466 
505 
595 
660 
661 
662 
662 
661 
660 
628 
527 
475 
463 
467 
470 
469 
467 
468 
468 
468 
470 
472 
472 
470 
471 
471 
470 
469 
472 
474 
476 
478 
480 
480 
482 
486 
487 
488 
490 
491 
495 
498 
500 
499 
499 
501 
502 
501 
500 
497 
492 
487 
481 
476 
468 
463 
457 
451 
447 
442 
437 
432 
429 
426 
424 
421 
422 
424 
422 
420 
418 
417 
419 
417 
416 
416 
415 
414 
415 
417 
417 
415 
413 
412 
410 
407 
406 
408 
406 
401 
400 
401 
399 
396 
395 
396 
395 
392 
389 
388 
388 
386 
387 
388 
387 
384 
383 
381 
377 
379 
380 
380 
379 
379 
378 
377 
376 
375 
373 
372 
371 
371 
371 
368 
367 
368 
370 
370 
367 
368 
373 
377 
382 
388 
391 
386 
377 
369 
362 
355 
354 
354 
350 
349 
348 
346 
346 
346 
345 
343 
338 
327 
313 
315 
348 
427 
546 
659 
660 
661 
625 
430 
318 
301 
312 
314 
311 
309 
309 
309 
308 
308 
310 
309 
310 
312 
314 
314 
314 
316 
317 
318 
319 
322 
324 
325 
327 
331 
334 
334 
337 
339 
340 
342 
346 
349 
351 
352 
353 
353 
350 
348 
348 
346 
341 
335 
330 
327 
319 
313 
310 
306 
301 
299 
298 
294 
291 
291 
291 
291 
290 
291 
293 
293 
292 
293 
296 
295 
294 
297 
298 
297 
295 
298 
299 
297 
298 
299 
298 
297 
297 
297 
297 
296 
294 
295 
294 
293 
295 
296 
296 
294 
295 
295 
295 
294 
294 
295 
294 
293 
295 
296 
295 
294 
296 
297 
296 
296 
298 
298 
298 
299 
