323 
322 
322 
321 
320 
320 
320 
320 
320 
320 
320 
319 
319 
319 
319 
318 
318 
317 
313 
311 
310 
307 
305 
307 
307 
305 
304 
304 
305 
307 
307 
309 
311 
310 
311 
314 
315 
315 
315 
317 
318 
317 
318 
318 
318 
317 
318 
320 
320 
318 
318 
317 
317 
316 
314 
315 
313 
313 
315 
315 
314 
314 
316 
318 
323 
328 
329 
327 
328 
336 
342 
347 
349 
348 
344 
335 
326 
322 
319 
318 
318 
320 
320 
317 
316 
317 
318 
317 
316 
310 
296 
284 
302 
367 
478 
630 
661 
661 
659 
503 
336 
292 
301 
306 
307 
303 
300 
300 
302 
304 
304 
303 
306 
308 
311 
313 
316 
319 
316 
318 
321 
321 
321 
325 
330 
329 
329 
330 
334 
334 
334 
335 
337 
334 
331 
330 
330 
328 
327 
329 
329 
328 
327 
329 
328 
325 
323 
323 
321 
318 
316 
316 
314 
313 
312 
313 
313 
313 
314 
314 
315 
314 
317 
318 
317 
318 
320 
320 
319 
322 
324 
324 
322 
322 
324 
322 
320 
321 
322 
322 
321 
322 
322 
321 
320 
319 
320 
320 
321 
323 
323 
324 
326 
333 
332 
330 
332 
340 
348 
351 
354 
356 
350 
341 
332 
329 
325 
324 
325 
325 
324 
321 
322 
324 
323 
323 
324 
321 
308 
292 
302 
352 
450 
593 
661 
661 
661 
592 
393 
305 
302 
312 
314 
310 
306 
306 
306 
307 
307 
307 
310 
313 
315 
316 
316 
318 
320 
321 
323 
323 
326 
330 
331 
331 
334 
338 
337 
337 
338 
339 
338 
337 
340 
340 
338 
336 
337 
337 
334 
334 
336 
335 
332 
329 
329 
326 
322 
319 
318 
317 
316 
317 
317 
315 
316 
317 
320 
320 
318 
319 
323 
323 
323 
325 
325 
327 
328 
330 
332 
331 
332 
332 
331 
332 
333 
333 
331 
330 
331 
331 
330 
332 
334 
333 
331 
330 
331 
331 
329 
329 
332 
334 
334 
334 
336 
342 
343 
341 
342 
347 
353 
361 
367 
369 
363 
356 
349 
340 
336 
337 
339 
338 
334 
334 
335 
335 
334 
335 
336 
335 
326 
312 
303 
324 
392 
507 
653 
661 
661 
656 
482 
338 
306 
316 
322 
319 
317 
315 
314 
318 
319 
318 
316 
319 
324 
328 
327 
329 
334 
336 
336 
337 
341 
343 
343 
347 
349 
348 
349 
352 
357 
359 
360 
359 
358 
357 
357 
359 
358 
354 
353 
352 
353 
349 
344 
343 
340 
336 
332 
331 
330 
328 
327 
327 
323 
321 
323 
324 
322 
322 
323 
324 
323 
324 
326 
328 
327 
329 
330 
329 
327 
329 
330 
331 
328 
327 
327 
328 
327 
328 
328 
325 
322 
322 
325 
326 
325 
324 
322 
322 
323 
326 
325 
323 
324 
325 
328 
327 
327 
330 
332 
330 
331 
336 
343 
347 
353 
359 
358 
352 
345 
336 
330 
326 
327 
328 
325 
325 
326 
324 
320 
321 
325 
325 
322 
314 
300 
302 
333 
412 
529 
659 
661 
660 
566 
377 
297 
297 
310 
311 
310 
309 
309 
308 
308 
312 
315 
313 
316 
319 
322 
321 
323 
326 
328 
327 
329 
333 
333 
333 
337 
342 
343 
344 
347 
349 
349 
350 
352 
354 
353 
351 
353 
352 
345 
342 
345 
343 
337 
334 
332 
328 
323 
319 
317 
314 
312 
311 
312 
309 
307 
307 
308 
308 
308 
307 
308 
307 
308 
310 
312 
310 
310 
311 
313 
315 
317 
319 
317 
315 
315 
314 
313 
313 
314 
315 
314 
311 
312 
313 
311 
309 
310 
309 
310 
312 
314 
314 
312 
310 
312 
314 
312 
313 
314 
315 
314 
312 
317 
320 
323 
323 
326 
325 
324 
328 
336 
342 
345 
347 
345 
335 
325 
323 
320 
316 
314 
315 
314 
313 
311 
311 
312 
311 
312 
311 
303 
289 
285 
312 
378 
486 
637 
661 
661 
643 
443 
312 
286 
296 
301 
301 
298 
298 
299 
299 
299 
301 
304 
304 
305 
307 
312 
316 
317 
317 
318 
320 
322 
326 
330 
331 
330 
333 
337 
337 
337 
339 
341 
343 
345 
348 
347 
345 
343 
342 
342 
341 
339 
336 
332 
328 
323 
321 
318 
315 
314 
312 
310 
307 
306 
306 
304 
304 
305 
304 
303 
304 
308 
309 
310 
310 
313 
316 
316 
315 
315 
315 
316 
316 
316 
317 
317 
317 
319 
318 
316 
317 
318 
317 
316 
317 
317 
315 
316 
316 
316 
315 
315 
316 
316 
315 
316 
318 
319 
318 
319 
320 
320 
319 
320 
322 
321 
320 
320 
320 
319 
319 
321 
321 
321 
322 
323 
323 
323 
324 
328 
332 
330 
330 
333 
336 
343 
351 
356 
354 
347 
342 
335 
331 
329 
329 
327 
325 
324 
324 
324 
323 
324 
325 
327 
323 
312 
299 
302 
341 
431 
562 
660 
661 
661 
638 
439 
320 
304 
313 
312 
311 
310 
308 
307 
307 
308 
311 
312 
312 
315 
318 
318 
322 
326 
326 
324 
326 
330 
333 
333 
336 
339 
341 
342 
344 
345 
346 
348 
351 
352 
350 
348 
348 
348 
345 
346 
346 
345 
339 
336 
335 
332 
327 
326 
326 
322 
318 
318 
316 
315 
315 
315 
316 
316 
315 
318 
319 
319 
318 
321 
321 
318 
320 
323 
324 
324 
325 
327 
326 
325 
326 
327 
328 
328 
328 
326 
326 
326 
327 
325 
321 
320 
323 
323 
323 
323 
323 
323 
320 
320 
325 
327 
327 
326 
326 
326 
326 
326 
329 
329 
329 
329 
327 
326 
329 
331 
333 
331 
329 
330 
331 
330 
330 
333 
335 
336 
339 
338 
339 
340 
346 
354 
360 
361 
360 
356 
347 
338 
333 
333 
332 
330 
332 
333 
330 
327 
330 
331 
331 
332 
327 
311 
298 
318 
387 
497 
648 
661 
662 
660 
571 
386 
315 
313 
318 
320 
318 
315 
313 
314 
317 
319 
320 
322 
322 
324 
329 
330 
328 
329 
332 
335 
337 
338 
341 
345 
348 
346 
348 
352 
354 
356 
358 
358 
360 
361 
364 
366 
364 
363 
363 
364 
360 
357 
355 
351 
345 
339 
337 
332 
328 
326 
327 
322 
318 
320 
321 
321 
321 
323 
323 
320 
318 
322 
323 
324 
324 
326 
326 
324 
324 
328 
330 
329 
330 
330 
332 
335 
336 
335 
331 
330 
331 
330 
329 
328 
330 
332 
329 
329 
331 
332 
329 
328 
328 
328 
328 
329 
330 
330 
329 
328 
329 
328 
326 
328 
333 
332 
328 
328 
331 
331 
334 
338 
340 
336 
334 
338 
342 
348 
357 
363 
363 
353 
344 
335 
331 
329 
327 
329 
329 
327 
327 
328 
326 
324 
327 
327 
320 
305 
294 
313 
372 
474 
613 
660 
661 
658 
503 
346 
301 
309 
317 
317 
314 
310 
311 
312 
311 
313 
316 
317 
318 
322 
324 
325 
323 
327 
329 
331 
335 
338 
339 
340 
343 
349 
353 
353 
356 
359 
360 
360 
363 
365 
365 
364 
365 
363 
360 
359 
357 
353 
346 
338 
334 
331 
326 
321 
321 
319 
314 
312 
314 
313 
306 
304 
305 
306 
304 
306 
309 
308 
308 
310 
311 
311 
310 
311 
312 
309 
309 
313 
314 
312 
309 
310 
312 
313 
312 
311 
312 
310 
309 
310 
311 
309 
307 
309 
310 
308 
309 
310 
310 
309 
312 
312 
310 
309 
309 
310 
310 
310 
310 
311 
310 
310 
312 
313 
316 
320 
321 
320 
321 
326 
334 
339 
342 
342 
337 
327 
317 
313 
313 
311 
310 
311 
310 
308 
309 
309 
309 
309 
311 
308 
294 
279 
294 
350 
447 
586 
660 
661 
659 
528 
348 
289 
293 
299 
300 
299 
298 
297 
297 
297 
297 
297 
299 
301 
303 
305 
309 
310 
312 
312 
315 
318 
319 
322 
325 
327 
327 
331 
334 
336 
338 
340 
343 
342 
342 
345 
345 
343 
343 
345 
344 
339 
337 
334 
330 
325 
321 
318 
313 
308 
305 
304 
303 
300 
301 
302 
302 
300 
301 
303 
304 
305 
306 
306 
307 
307 
309 
309 
308 
308 
312 
312 
310 
309 
311 
313 
314 
314 
315 
314 
312 
312 
315 
314 
311 
310 
310 
310 
312 
313 
314 
312 
312 
314 
315 
314 
315 
318 
315 
311 
313 
315 
315 
315 
317 
317 
317 
315 
316 
316 
316 
318 
319 
320 
321 
325 
330 
330 
329 
331 
339 
345 
349 
352 
352 
345 
334 
327 
326 
325 
324 
322 
322 
320 
319 
320 
320 
318 
318 
317 
310 
291 
291 
330 
417 
548 
660 
661 
661 
653 
462 
327 
299 
304 
308 
307 
303 
301 
302 
303 
302 
304 
306 
308 
310 
312 
315 
316 
316 
317 
322 
326 
326 
328 
329 
332 
334 
337 
342 
344 
344 
346 
348 
350 
350 
351 
350 
348 
348 
350 
348 
347 
344 
342 
341 
337 
333 
331 
327 
322 
319 
318 
317 
314 
313 
315 
314 
313 
314 
315 
314 
314 
316 
320 
320 
319 
320 
321 
321 
321 
322 
325 
324 
324 
324 
323 
322 
322 
324 
323 
324 
325 
325 
324 
324 
326 
327 
324 
322 
324 
326 
324 
324 
325 
326 
324 
323 
325 
325 
326 
325 
325 
326 
325 
325 
327 
328 
327 
328 
329 
330 
334 
339 
339 
336 
337 
343 
349 
355 
358 
358 
354 
345 
337 
332 
332 
331 
330 
332 
330 
329 
328 
330 
331 
330 
329 
325 
311 
297 
315 
379 
488 
641 
661 
661 
660 
568 
381 
312 
312 
318 
319 
316 
311 
312 
314 
315 
315 
317 
320 
321 
319 
321 
329 
331 
331 
332 
335 
336 
338 
342 
346 
347 
347 
349 
354 
354 
354 
357 
362 
364 
363 
366 
367 
366 
364 
363 
363 
360 
358 
355 
350 
344 
341 
337 
329 
324 
323 
323 
322 
321 
322 
321 
319 
318 
321 
323 
320 
319 
321 
322 
323 
