0 
321 
321 
321 
322 
323 
323 
323 
324 
324 
324 
324 
323 
323 
322 
321 
320 
319 
320 
319 
319 
320 
323 
322 
325 
326 
327 
329 
329 
327 
328 
329 
328 
326 
329 
329 
328 
328 
329 
327 
322 
323 
329 
327 
323 
325 
326 
324 
321 
323 
326 
332 
334 
336 
340 
348 
361 
369 
372 
367 
359 
351 
337 
322 
313 
314 
311 
310 
312 
313 
308 
298 
278 
261 
275 
356 
503 
655 
659 
654 
521 
334 
213 
193 
230 
268 
287 
290 
290 
293 
293 
295 
299 
301 
299 
299 
304 
305 
305 
306 
308 
310 
310 
314 
319 
319 
320 
323 
327 
326 
326 
330 
333 
332 
332 
336 
336 
332 
334 
335 
331 
328 
327 
328 
325 
322 
321 
324 
324 
321 
322 
319 
318 
317 
320 
321 
320 
321 
323 
322 
320 
323 
326 
327 
327 
327 
329 
328 
326 
327 
328 
329 
328 
328 
328 
326 
327 
328 
328 
327 
326 
329 
328 
326 
327 
334 
340 
338 
339 
348 
360 
368 
373 
374 
369 
360 
349 
338 
328 
320 
319 
319 
318 
316 
319 
316 
302 
280 
274 
313 
411 
558 
658 
655 
566 
398 
270 
202 
201 
235 
272 
291 
297 
298 
300 
300 
300 
302 
306 
306 
307 
312 
314 
314 
315 
319 
322 
321 
324 
328 
330 
327 
330 
334 
336 
335 
338 
342 
345 
345 
345 
344 
339 
336 
334 
332 
328 
325 
326 
325 
322 
320 
322 
322 
320 
319 
320 
319 
318 
318 
321 
322 
321 
322 
326 
326 
326 
330 
332 
332 
332 
334 
334 
334 
333 
334 
336 
332 
332 
334 
333 
329 
327 
327 
327 
327 
328 
329 
327 
325 
328 
336 
340 
341 
344 
350 
357 
368 
374 
374 
368 
359 
355 
345 
331 
324 
323 
323 
320 
318 
320 
318 
307 
286 
274 
299 
383 
527 
657 
658 
618 
453 
301 
211 
200 
234 
270 
287 
294 
298 
300 
300 
300 
304 
306 
306 
307 
311 
314 
313 
315 
319 
321 
321 
324 
328 
330 
332 
333 
336 
338 
338 
343 
345 
344 
344 
346 
346 
343 
341 
341 
338 
334 
331 
332 
331 
328 
328 
328 
328 
326 
327 
328 
327 
325 
326 
328 
327 
325 
327 
330 
330 
330 
334 
334 
335 
337 
338 
339 
337 
339 
340 
340 
338 
337 
338 
336 
333 
333 
335 
333 
332 
332 
331 
330 
329 
330 
330 
328 
327 
328 
331 
336 
341 
344 
346 
350 
363 
375 
378 
375 
371 
364 
353 
339 
329 
325 
323 
322 
324 
323 
321 
315 
306 
283 
266 
294 
389 
538 
658 
658 
639 
476 
306 
213 
211 
246 
278 
296 
301 
300 
298 
302 
305 
305 
305 
308 
310 
310 
311 
315 
316 
314 
316 
322 
327 
327 
326 
329 
332 
332 
334 
339 
340 
341 
344 
348 
346 
342 
343 
341 
337 
332 
332 
331 
327 
326 
328 
329 
329 
327 
329 
328 
325 
324 
326 
327 
324 
325 
327 
328 
328 
330 
334 
331 
330 
332 
336 
336 
335 
336 
338 
338 
336 
337 
338 
336 
335 
335 
334 
331 
333 
336 
336 
333 
332 
333 
332 
329 
328 
330 
328 
327 
327 
330 
330 
331 
337 
341 
341 
343 
351 
362 
369 
373 
375 
369 
358 
348 
339 
329 
322 
322 
324 
324 
320 
318 
314 
301 
281 
276 
318 
420 
567 
658 
656 
567 
396 
268 
206 
209 
243 
277 
294 
298 
300 
303 
306 
305 
306 
309 
310 
310 
312 
315 
314 
315 
318 
321 
322 
322 
327 
329 
331 
332 
335 
338 
337 
338 
343 
345 
345 
345 
345 
343 
338 
336 
335 
330 
324 
323 
325 
323 
320 
320 
321 
317 
316 
317 
317 
315 
314 
317 
317 
316 
317 
319 
319 
316 
319 
322 
321 
319 
320 
324 
322 
322 
325 
325 
323 
321 
322 
322 
319 
318 
318 
318 
314 
312 
314 
314 
310 
309 
309 
308 
307 
307 
309 
308 
306 
307 
309 
308 
307 
309 
311 
310 
310 
317 
323 
325 
325 
333 
344 
351 
354 
355 
350 
342 
334 
324 
311 
304 
302 
303 
303 
301 
300 
297 
281 
256 
247 
285 
383 
534 
657 
658 
607 
427 
267 
189 
191 
227 
261 
277 
277 
278 
280 
281 
280 
282 
285 
284 
284 
290 
293 
294 
294 
297 
300 
300 
302 
306 
308 
309 
311 
314 
317 
318 
321 
325 
328 
328 
328 
330 
328 
325 
325 
324 
320 
316 
314 
315 
314 
312 
314 
315 
314 
313 
314 
315 
314 
313 
315 
316 
315 
316 
319 
320 
319 
322 
325 
325 
324 
326 
329 
329 
328 
330 
331 
330 
328 
330 
330 
327 
326 
326 
326 
323 
322 
322 
322 
319 
319 
322 
322 
319 
318 
319 
321 
319 
317 
314 
312 
312 
308 
320 
326 
332 
335 
334 
331 
329 
330 
334 
340 
346 
348 
348 
351 
363 
375 
378 
377 
371 
362 
350 
337 
331 
330 
333 
334 
337 
337 
335 
327 
314 
291 
280 
320 
426 
578 
659 
659 
629 
464 
303 
229 
232 
272 
300 
312 
315 
316 
313 
316 
317 
316 
320 
325 
324 
318 
322 
331 
332 
327 
322 
332 
347 
351 
354 
357 
358 
356 
357 
361 
364 
365 
367 
369 
369 
367 
367 
368 
364 
359 
353 
351 
346 
344 
349 
340 
338 
336 
337 
340 
331 
325 
340 
342 
341 
345 
351 
349 
342 
343 
348 
343 
341 
345 
343 
342 
343 
346 
344 
347 
342 
348 
334 
334 
344 
348 
361 
362 
360 
361 
359 
355 
355 
357 
354 
351 
351 
351 
351 
347 
350 
352 
345 
341 
343 
342 
350 
349 
339 
345 
346 
347 
347 
346 
344 
347 
351 
345 
362 
370 
373 
374 
380 
380 
393 
388 
377 
380 
368 
351 
340 
342 
343 
339 
336 
338 
334 
318 
291 
286 
318 
407 
549 
658 
659 
655 
516 
332 
227 
228 
268 
299 
311 
309 
311 
310 
315 
314 
313 
318 
320 
318 
323 
323 
329 
330 
329 
329 
328 
331 
336 
337 
333 
341 
350 
348 
346 
349 
354 
349 
357 
359 
361 
359 
353 
352 
349 
347 
343 
335 
333 
333 
335 
337 
330 
325 
326 
326 
329 
327 
322 
326 
325 
323 
323 
325 
328 
326 
326 
329 
332 
333 
333 
332 
330 
325 
327 
335 
337 
336 
334 
332 
328 
328 
332 
331 
333 
330 
332 
331 
332 
334 
332 
324 
325 
331 
330 
328 
323 
329 
329 
335 
334 
333 
328 
326 
329 
328 
330 
331 
339 
344 
341 
341 
352 
369 
374 
374 
364 
361 
354 
339 
328 
328 
326 
324 
324 
324 
321 
312 
300 
278 
269 
312 
418 
566 
657 
656 
581 
408 
266 
208 
222 
255 
282 
296 
301 
299 
300 
303 
307 
307 
307 
311 
311 
311 
313 
317 
319 
319 
322 
322 
324 
328 
332 
337 
340 
338 
344 
347 
349 
350 
355 
358 
356 
354 
355 
353 
351 
346 
342 
337 
335 
335 
335 
333 
328 
326 
326 
324 
318 
320 
322 
320 
318 
318 
319 
318 
318 
322 
323 
324 
322 
324 
326 
325 
326 
329 
330 
328 
326 
330 
325 
327 
328 
328 
326 
325 
325 
324 
323 
321 
321 
322 
321 
318 
321 
323 
322 
321 
323 
323 
321 
318 
322 
324 
323 
334 
339 
340 
342 
348 
359 
366 
369 
369 
362 
351 
339 
331 
327 
321 
319 
319 
318 
315 
313 
311 
292 
271 
281 
347 
469 
608 
657 
635 
497 
338 
237 
197 
213 
246 
274 
289 
290 
291 
294 
297 
297 
297 
299 
301 
300 
301 
305 
307 
306 
308 
311 
313 
318 
316 
322 
329 
329 
331 
336 
336 
336 
340 
342 
344 
343 
344 
345 
339 
336 
336 
333 
329 
326 
317 
317 
319 
320 
320 
319 
315 
315 
314 
312 
310 
311 
312 
312 
309 
315 
320 
319 
316 
316 
320 
322 
321 
324 
326 
327 
327 
328 
329 
328 
327 
328 
326 
322 
323 
328 
329 
327 
328 
327 
325 
322 
323 
324 
321 
317 
320 
324 
323 
325 
329 
333 
339 
342 
348 
360 
369 
371 
372 
368 
358 
346 
335 
324 
318 
317 
317 
314 
312 
314 
312 
296 
272 
261 
296 
393 
540 
657 
658 
629 
462 
297 
207 
206 
244 
278 
291 
292 
292 
291 
290 
296 
303 
305 
304 
302 
307 
313 
314 
316 
319 
323 
323 
325 
327 
329 
331 
334 
338 
340 
339 
342 
349 
353 
352 
351 
353 
355 
351 
345 
349 
350 
347 
344 
343 
339 
335 
335 
332 
329 
326 
325 
325 
321 
317 
321 
321 
317 
318 
323 
322 
317 
316 
318 
325 
329 
329 
326 
316 
314 
327 
328 
329 
335 
339 
343 
341 
338 
338 
338 
337 
336 
339 
339 
338 
337 
338 
339 
335 
335 
338 
339 
338 
339 
347 
352 
350 
351 
352 
356 
374 
385 
384 
368 
367 
364 
353 
340 
329 
329 
331 
328 
326 
326 
321 
310 
287 
267 
282 
359 
501 
652 
660 
656 
534 
353 
231 
201 
233 
272 
289 
293 
295 
294 
292 
294 
297 
300 
299 
302 
307 
308 
306 
309 
314 
316 
316 
321 
324 
327 
328 
329 
333 
332 
338 
343 
348 
347 
350 
351 
352 
352 
350 
351 
345 
340 
340 
338 
333 
330 
331 
333 
329 
327 
328 
327 
324 
323 
323 
322 
319 
319 
321 
322 
323 
323 
326 
329 
327 
328 
332 
335 
335 
333 
334 
335 
332 
331 
332 
330 
329 
330 
326 
325 
326 
328 
329 
328 
326 
327 
331 
332 
330 
330 
330 
328 
331 
337 
340 
340 
343 
347 
355 
367 
372 
374 
368 
359 
349 
340 
328 
320 
320 
317 
316 
318 
319 
316 
303 
282 
268 
291 
376 
523 
657 
658 
639 
483 
318 
218 
205 
236 
271 
289 
294 
