323 
323 
324 
324 
325 
326 
326 
325 
325 
324 
324 
324 
323 
323 
322 
321 
320 
313 
293 
268 
278 
357 
493 
641 
659 
655 
532 
348 
229 
204 
231 
264 
286 
295 
296 
297 
299 
305 
303 
300 
305 
308 
305 
306 
310 
313 
313 
315 
321 
323 
321 
323 
327 
326 
327 
330 
336 
340 
340 
342 
347 
346 
346 
347 
348 
343 
338 
338 
336 
332 
328 
327 
327 
323 
322 
322 
319 
316 
317 
321 
319 
312 
315 
317 
318 
316 
318 
319 
320 
318 
322 
326 
325 
325 
330 
330 
327 
327 
330 
331 
327 
325 
327 
326 
321 
321 
326 
328 
324 
321 
321 
320 
316 
319 
320 
316 
312 
315 
317 
315 
315 
318 
321 
317 
315 
317 
317 
318 
319 
321 
326 
330 
334 
335 
336 
340 
354 
367 
368 
362 
357 
355 
345 
331 
323 
322 
319 
315 
316 
317 
315 
310 
300 
282 
275 
319 
423 
564 
657 
654 
571 
411 
289 
218 
212 
235 
267 
289 
300 
301 
299 
302 
305 
301 
303 
311 
316 
312 
311 
319 
322 
319 
321 
326 
329 
331 
332 
336 
338 
338 
343 
353 
355 
353 
356 
361 
363 
359 
360 
360 
354 
346 
348 
351 
347 
346 
343 
337 
327 
326 
334 
335 
327 
324 
325 
322 
313 
304 
301 
304 
311 
319 
318 
312 
304 
315 
327 
324 
316 
322 
327 
323 
320 
326 
330 
325 
323 
328 
329 
317 
313 
324 
325 
321 
325 
331 
334 
334 
337 
340 
338 
337 
346 
356 
356 
352 
355 
351 
348 
363 
411 
434 
430 
423 
417 
408 
389 
384 
392 
401 
404 
405 
402 
395 
382 
370 
355 
347 
341 
339 
337 
333 
351 
374 
352 
299 
258 
253 
295 
399 
560 
659 
659 
645 
483 
307 
213 
211 
268 
311 
317 
299 
283 
281 
283 
288 
295 
295 
293 
295 
299 
303 
303 
304 
311 
316 
319 
323 
335 
329 
318 
310 
316 
327 
328 
329 
335 
340 
341 
347 
378 
400 
383 
364 
347 
323 
306 
338 
394 
378 
319 
293 
300 
312 
316 
324 
344 
371 
360 
329 
312 
310 
319 
334 
348 
347 
343 
357 
368 
350 
326 
314 
319 
326 
340 
342 
348 
366 
366 
336 
316 
320 
343 
364 
364 
366 
362 
340 
298 
287 
312 
336 
326 
308 
306 
320 
370 
386 
351 
302 
276 
282 
305 
309 
334 
355 
344 
355 
371 
361 
331 
332 
350 
363 
384 
385 
372 
348 
351 
347 
318 
298 
300 
324 
350 
361 
324 
267 
241 
246 
275 
349 
486 
640 
659 
658 
569 
366 
238 
211 
218 
226 
249 
284 
307 
295 
270 
282 
305 
322 
330 
307 
304 
295 
299 
316 
309 
296 
301 
294 
291 
296 
314 
338 
372 
404 
353 
298 
276 
290 
315 
328 
333 
332 
333 
341 
352 
360 
362 
353 
332 
307 
302 
298 
301 
299 
306 
319 
349 
366 
332 
293 
279 
283 
303 
319 
340 
349 
336 
311 
297 
291 
307 
320 
314 
319 
332 
346 
352 
329 
301 
293 
299 
309 
315 
319 
323 
317 
313 
315 
325 
335 
330 
318 
312 
306 
300 
306 
315 
311 
310 
323 
349 
342 
319 
306 
310 
318 
325 
329 
330 
330 
338 
356 
367 
363 
357 
352 
348 
345 
336 
327 
321 
317 
315 
323 
322 
321 
319 
308 
279 
251 
267 
345 
487 
641 
658 
655 
527 
347 
230 
205 
225 
258 
286 
295 
286 
289 
293 
295 
291 
286 
293 
298 
302 
304 
305 
309 
308 
309 
312 
313 
317 
318 
322 
321 
321 
325 
328 
328 
329 
336 
342 
341 
338 
342 
344 
340 
331 
330 
332 
332 
329 
327 
327 
322 
321 
319 
315 
315 
318 
323 
323 
319 
321 
323 
322 
319 
319 
316 
318 
326 
329 
334 
334 
333 
332 
337 
339 
342 
344 
339 
340 
345 
350 
346 
338 
341 
343 
347 
346 
344 
343 
338 
337 
338 
343 
339 
337 
338 
335 
333 
335 
340 
344 
339 
335 
334 
337 
343 
350 
352 
351 
351 
360 
373 
377 
379 
379 
373 
360 
345 
334 
327 
324 
323 
332 
341 
333 
313 
297 
287 
281 
298 
373 
504 
643 
659 
650 
499 
319 
214 
204 
239 
276 
297 
303 
299 
302 
310 
312 
309 
311 
318 
320 
316 
316 
318 
318 
316 
320 
329 
328 
327 
329 
333 
334 
330 
331 
339 
340 
338 
341 
347 
348 
348 
348 
348 
345 
340 
341 
339 
336 
328 
326 
329 
327 
329 
332 
326 
322 
326 
327 
324 
320 
324 
327 
326 
324 
327 
327 
326 
326 
330 
332 
329 
332 
333 
335 
334 
335 
335 
336 
336 
337 
341 
342 
336 
338 
343 
343 
343 
330 
318 
315 
318 
324 
329 
328 
324 
326 
329 
328 
328 
332 
339 
341 
348 
350 
350 
355 
365 
371 
376 
376 
370 
361 
349 
333 
322 
320 
318 
316 
316 
318 
317 
311 
303 
282 
267 
290 
387 
543 
657 
657 
607 
441 
292 
208 
204 
233 
267 
285 
293 
297 
294 
296 
301 
301 
300 
304 
305 
309 
314 
320 
321 
319 
319 
326 
330 
331 
333 
334 
335 
336 
338 
345 
350 
353 
357 
362 
358 
356 
359 
363 
358 
352 
350 
348 
340 
338 
338 
334 
330 
328 
328 
327 
324 
321 
322 
323 
323 
323 
326 
326 
322 
325 
328 
326 
321 
327 
334 
333 
330 
332 
333 
330 
328 
336 
336 
329 
323 
325 
325 
322 
320 
324 
324 
320 
321 
331 
331 
326 
328 
329 
327 
323 
325 
328 
328 
326 
331 
338 
341 
339 
343 
348 
358 
369 
376 
376 
370 
363 
356 
344 
332 
326 
326 
325 
324 
323 
325 
321 
310 
292 
274 
283 
351 
486 
639 
659 
655 
546 
379 
252 
211 
235 
269 
291 
298 
300 
300 
300 
304 
307 
307 
307 
311 
315 
315 
313 
314 
313 
314 
319 
325 
329 
328 
330 
334 
336 
336 
336 
339 
343 
346 
356 
357 
345 
336 
338 
345 
344 
336 
334 
336 
336 
334 
335 
333 
323 
314 
315 
317 
316 
317 
320 
321 
320 
322 
326 
329 
326 
326 
331 
333 
331 
333 
337 
336 
335 
339 
338 
334 
329 
330 
329 
326 
324 
327 
331 
329 
328 
328 
328 
327 
324 
324 
323 
318 
317 
319 
316 
313 
313 
318 
319 
317 
320 
323 
326 
329 
333 
335 
339 
348 
364 
370 
365 
359 
355 
348 
335 
323 
318 
315 
313 
312 
315 
317 
333 
321 
292 
261 
260 
328 
463 
616 
658 
652 
528 
352 
228 
193 
216 
248 
271 
283 
286 
285 
287 
292 
296 
294 
296 
300 
300 
299 
301 
306 
306 
306 
311 
315 
315 
315 
320 
325 
326 
328 
333 
337 
335 
337 
344 
347 
347 
349 
352 
348 
342 
340 
340 
335 
329 
329 
327 
323 
320 
323 
322 
319 
315 
317 
317 
315 
313 
317 
318 
312 
315 
320 
321 
320 
322 
327 
327 
327 
327 
329 
328 
326 
329 
333 
331 
328 
331 
333 
331 
329 
332 
332 
328 
328 
330 
331 
327 
328 
330 
330 
328 
328 
331 
332 
331 
336 
342 
343 
344 
351 
364 
372 
372 
372 
369 
361 
350 
341 
331 
322 
321 
324 
326 
322 
320 
317 
307 
286 
274 
301 
382 
514 
652 
657 
634 
485 
334 
241 
215 
235 
270 
295 
302 
302 
304 
307 
306 
309 
315 
317 
316 
316 
320 
321 
320 
323 
329 
329 
329 
333 
337 
337 
337 
342 
346 
345 
346 
351 
355 
356 
355 
360 
361 
359 
357 
355 
352 
346 
344 
344 
340 
336 
338 
340 
337 
333 
335 
335 
332 
330 
332 
332 
332 
332 
335 
337 
334 
335 
337 
340 
339 
338 
343 
345 
345 
347 
349 
349 
347 
347 
347 
345 
342 
343 
345 
344 
341 
342 
344 
341 
337 
340 
343 
340 
337 
337 
339 
336 
336 
338 
335 
332 
334 
342 
348 
348 
350 
356 
363 
372 
381 
384 
378 
370 
363 
355 
338 
330 
330 
330 
326 
325 
326 
326 
316 
296 
277 
280 
338 
464 
625 
659 
658 
600 
412 
261 
209 
234 
274 
295 
300 
305 
307 
305 
304 
306 
308 
308 
308 
311 
313 
311 
312 
318 
318 
316 
321 
327 
327 
326 
331 
337 
337 
337 
342 
346 
348 
350 
353 
352 
349 
347 
349 
348 
342 
338 
339 
335 
331 
330 
331 
330 
325 
324 
326 
324 
320 
321 
323 
319 
317 
318 
322 
321 
320 
320 
324 
324 
325 
329 
330 
327 
326 
330 
331 
328 
327 
329 
328 
323 
322 
325 
323 
321 
320 
323 
320 
317 
318 
320 
319 
316 
318 
320 
317 
315 
317 
318 
316 
316 
319 
319 
316 
316 
322 
326 
330 
334 
337 
339 
348 
363 
369 
367 
361 
355 
350 
335 
319 
315 
315 
312 
308 
312 
313 
308 
302 
288 
267 
268 
331 
458 
611 
659 
655 
546 
360 
231 
194 
217 
251 
276 
289 
294 
289 
289 
295 
302 
300 
301 
305 
306 
304 
307 
311 
314 
312 
314 
320 
322 
322 
325 
330 
331 
331 
337 
341 
343 
347 
352 
353 
353 
352 
351 
351 
346 
342 
341 
338 
332 
331 
331 
327 
322 
321 
323 
323 
320 
321 
323 
321 
317 
318 
322 
322 
321 
324 
323 
321 
322 
327 
329 
328 
331 
335 
335 
331 
330 
335 
335 
333 
333 
336 
334 
330 
330 
332 
329 
326 
327 
327 
324 
324 
326 
330 
325 
321 
326 
326 
323 
324 
327 
326 
324 
326 
333 
337 
338 
339 
346 
354 
365 
373 
376 
370 
363 
359 
350 
335 
325 
325 
326 
323 
322 
324 
323 
313 
299 
283 
279 
318 
421 
571 
658 
656 
588 
421 
284 
212 
215 
251 
280 
295 
301 
303 
302 
301 
306 
310 
309 
310  