          0.000	  7.510
          0.004	  7.520
          0.008	  7.540
          0.012	  7.600
          0.016	  7.570
          0.020	  7.570
          0.024	  7.570
          0.028	  7.570
          0.032	  7.605
          0.036	  7.545
          0.040	  7.545
          0.044	  7.540
          0.048	  7.540
          0.052	  7.545
          0.056	  7.580
          0.060	  7.615
          0.064	  7.590
          0.068	  7.570
          0.072	  7.590
          0.076	  7.605
          0.080	  7.615
          0.084	  7.615
          0.088	  7.580
          0.092	  7.570
          0.096	  7.615
          0.100	  7.605
          0.104	  7.630
          0.108	  7.650
          0.112	  7.625
          0.116	  7.570
          0.120	  7.570
          0.124	  7.590
          0.128	  7.570
          0.132	  7.570
          0.136	  7.590
          0.140	  7.640
          0.144	  7.640
          0.148	  7.600
          0.152	  7.570
          0.156	  7.565
          0.160	  7.605
          0.164	  7.640
          0.168	  7.655
          0.172	  7.690
          0.176	  7.685
          0.180	  7.630
          0.184	  7.545
          0.188	  7.510
          0.192	  7.565
          0.196	  7.590
          0.200	  7.590
          0.204	  7.640
          0.208	  7.650
          0.212	  7.665
          0.216	  7.615
          0.220	  7.600
          0.224	  7.580
          0.228	  7.580
          0.232	  7.640
          0.236	  7.630
          0.240	  7.600
          0.244	  7.565
          0.248	  7.520
          0.252	  7.545
          0.256	  7.565
          0.260	  7.555
          0.264	  7.545
          0.268	  7.605
          0.272	  7.615
          0.276	  7.615
          0.280	  7.565
          0.284	  7.555
          0.288	  7.565
          0.292	  7.605
          0.296	  7.605
          0.300	  7.600
          0.304	  7.615
          0.308	  7.615
          0.312	  7.625
          0.316	  7.685
          0.320	  7.725
          0.324	  7.700
          0.328	  7.640
          0.332	  7.545
          0.336	  7.460
          0.340	  7.530
          0.344	  7.540
          0.348	  7.625
          0.352	  7.675
          0.356	  7.675
          0.360	  7.630
          0.364	  7.540
          0.368	  7.485
          0.372	  7.530
          0.376	  7.625
          0.380	  7.630
          0.384	  7.640
          0.388	  7.640
          0.392	  7.600
          0.396	  7.570
          0.400	  7.565
          0.404	  7.615
          0.408	  7.650
          0.412	  7.650
          0.416	  7.600
          0.420	  7.600
          0.424	  7.615
          0.428	  7.600
          0.432	  7.600
          0.436	  7.570
          0.440	  7.600
          0.444	  7.545
          0.448	  7.530
          0.452	  7.570
          0.456	  7.630
          0.460	  7.625
          0.464	  7.630
          0.468	  7.640
          0.472	  7.600
          0.476	  7.510
          0.480	  7.480
          0.484	  7.565
          0.488	  7.655
          0.492	  7.625
          0.496	  7.545
          0.500	  7.540
          0.504	  7.590
          0.508	  7.565
          0.512	  7.615
          0.516	  7.650
          0.520	  7.710
          0.524	  7.710
          0.528	  7.630
          0.532	  7.435
          0.536	  7.095
          0.540	  6.830
          0.544	  6.725
          0.548	  6.665
          0.552	  6.375
          0.556	  6.075
          0.560	  6.325
          0.564	  6.920
          0.568	  7.460
          0.572	  7.830
          0.576	  7.920
          0.580	  7.805
          0.584	  7.640
          0.588	  7.495
          0.592	  7.470
          0.596	  7.485
          0.600	  7.505
          0.604	  7.520
          0.608	  7.520
          0.612	  7.530
          0.616	  7.565
          0.620	  7.565
          0.624	  7.570
          0.628	  7.530
          0.632	  7.480
          0.636	  7.495
          0.640	  7.545
          0.644	  7.540
          0.648	  7.505
          0.652	  7.480
          0.656	  7.480
          0.660	  7.460
          0.664	  7.485
          0.668	  7.495
          0.672	  7.495
          0.676	  7.545
          0.680	  7.505
          0.684	  7.485
          0.688	  7.510
          0.692	  7.495
          0.696	  7.480
          0.700	  7.365
          0.704	  7.305
          0.708	  7.375
          0.712	  7.390
          0.716	  7.410
          0.720	  7.390
          0.724	  7.390
          0.728	  7.400
          0.732	  7.375
          0.736	  7.365
          0.740	  7.340
          0.744	  7.365
          0.748	  7.420
          0.752	  7.410
          0.756	  7.350
          0.760	  7.265
          0.764	  7.215
          0.768	  7.195
          0.772	  7.130
          0.776	  7.095
          0.780	  7.095
          0.784	  7.135
          0.788	  7.095
          0.792	  7.000
          0.796	  6.845
          0.800	  6.830
          0.804	  6.830
          0.808	  6.810
          0.812	  6.805
          0.816	  6.795
          0.820	  6.745
          0.824	  6.710
          0.828	  6.650
          0.832	  6.640
          0.836	  6.675
          0.840	  6.700
          0.844	  6.725
          0.848	  6.770
          0.852	  6.855
          0.856	  6.920
          0.860	  6.950
          0.864	  6.915
          0.868	  6.940
          0.872	  7.050
          0.876	  7.160
          0.880	  7.265
          0.884	  7.315
          0.888	  7.335
          0.892	  7.325
          0.896	  7.360
          0.900	  7.410
          0.904	  7.435
          0.908	  7.495
          0.912	  7.555
          0.916	  7.540
          0.920	  7.520
          0.924	  7.470
          0.928	  7.480
          0.932	  7.485
          0.936	  7.520
          0.940	  7.555
          0.944	  7.555
          0.948	  7.545
          0.952	  7.485
          0.956	  7.470
          0.960	  7.485
          0.964	  7.495
          0.968	  7.505
          0.972	  7.520
          0.976	  7.565
          0.980	  7.590
          0.984	  7.570
          0.988	  7.540
          0.992	  7.495
          0.996	  7.480
          1.000	  7.540
          1.004	  7.540
          1.008	  7.545
          1.012	  7.540
          1.016	  7.570
          1.020	  7.590
          1.024	  7.580
          1.028	  7.510
          1.032	  7.450
          1.036	  7.435
          1.040	  7.555
          1.044	  7.570
          1.048	  7.565
          1.052	  7.540
          1.056	  7.510
          1.060	  7.505
          1.064	  7.570
          1.068	  7.590
          1.072	  7.565
          1.076	  7.565
          1.080	  7.510
          1.084	  7.570
          1.088	  7.565
          1.092	  7.565
          1.096	  7.545
          1.100	  7.570
          1.104	  7.600
          1.108	  7.615
          1.112	  7.630
          1.116	  7.640
          1.120	  7.600
          1.124	  7.570
          1.128	  7.625
          1.132	  7.615
          1.136	  7.580
          1.140	  7.565
          1.144	  7.565
          1.148	  7.580
          1.152	  7.580
          1.156	  7.600
          1.160	  7.640
          1.164	  7.665
          1.168	  7.655
          1.172	  7.640
          1.176	  7.600
          1.180	  7.540
          1.184	  7.545
          1.188	  7.565
          1.192	  7.570
          1.196	  7.580
          1.200	  7.570
          1.204	  7.580
          1.208	  7.615
          1.212	  7.640
          1.216	  7.640
          1.220	  7.625
          1.224	  7.630
          1.228	  7.580
          1.232	  7.530
          1.236	  7.545
          1.240	  7.590
          1.244	  7.590
          1.248	  7.600
          1.252	  7.615
          1.256	  7.625
          1.260	  7.605
          1.264	  7.590
          1.268	  7.545
          1.272	  7.540
          1.276	  7.555
          1.280	  7.600
          1.284	  7.615
          1.288	  7.630
          1.292	  7.630
          1.296	  7.600
          1.300	  7.600
          1.304	  7.590
          1.308	  7.570
          1.312	  7.565
          1.316	  7.545
          1.320	  7.600
          1.324	  7.590
          1.328	  7.580
          1.332	  7.570
          1.336	  7.565
          1.340	  7.605
          1.344	  7.640
          1.348	  7.600
          1.352	  7.545
          1.356	  7.520
          1.360	  7.545
          1.364	  7.570
          1.368	  7.545
          1.372	  7.540
          1.376	  7.590
          1.380	  7.570
          1.384	  7.570
          1.388	  7.520
          1.392	  7.555
          1.396	  7.615
          1.400	  7.640
          1.404	  7.650
          1.408	  7.590
          1.412	  7.540
          1.416	  7.520
          1.420	  7.565
          1.424	  7.580
          1.428	  7.545
          1.432	  7.540
          1.436	  7.540
          1.440	  7.540
          1.444	  7.565
          1.448	  7.605
          1.452	  7.625
          1.456	  7.600
          1.460	  7.600
          1.464	  7.555
          1.468	  7.540
          1.472	  7.520
          1.476	  7.470
          1.480	  7.460
          1.484	  7.485
          1.488	  7.480
          1.492	  7.505
          1.496	  7.540
          1.500	  7.590
          1.504	  7.570
          1.508	  7.540
          1.512	  7.540
          1.516	  7.530
          1.520	  7.580
          1.524	  7.570
          1.528	  7.565
          1.532	  7.545
          1.536	  7.530
          1.540	  7.505
          1.544	  7.520
          1.548	  7.520
          1.552	  7.545
          1.556	  7.615
          1.560	  7.590
          1.564	  7.605
          1.568	  7.630
          1.572	  7.640
          1.576	  7.625
          1.580	  7.460
          1.584	  7.095
          1.588	  6.750
          1.592	  6.590
          1.596	  6.505
          1.600	  6.180
          1.604	  5.990
          1.608	  6.305
          1.612	  6.965
          1.616	  7.540
          1.620	  7.890
          1.624	  7.915
          1.628	  7.735
          1.632	  7.580
          1.636	  7.530
          1.640	  7.520
          1.644	  7.530
          1.648	  7.505
          1.652	  7.470
          1.656	  7.425
          1.660	  7.420
          1.664	  7.470
          1.668	  7.480
          1.672	  7.435
          1.676	  7.425
          1.680	  7.450
          1.684	  7.460
          1.688	  7.435
          1.692	  7.445
          1.696	  7.450
          1.700	  7.425
          1.704	  7.450
          1.708	  7.480
          1.712	  7.510
          1.716	  7.495
          1.720	  7.470
          1.724	  7.410
          1.728	  7.280
          1.732	  7.300
          1.736	  7.350
          1.740	  7.390
          1.744	  7.410
          1.748	  7.390
          1.752	  7.365
          1.756	  7.375
          1.760	  7.365
          1.764	  7.340
          1.768	  7.335
          1.772	  7.305
          1.776	  7.305
          1.780	  7.325
          1.784	  7.305
          1.788	  7.280
          1.792	  7.220
          1.796	  7.240
          1.800	  7.230
          1.804	  7.220
          1.808	  7.215
          1.812	  7.155
          1.816	  7.130
          1.820	  7.135
          1.824	  7.100
          1.828	  7.085
          1.832	  7.010
          1.836	  6.940
          1.840	  6.915
          1.844	  6.870
          1.848	  6.855
          1.852	  6.820
          1.856	  6.745
          1.860	  6.685
          1.864	  6.650
          1.868	  6.665
          1.872	  6.655
          1.876	  6.640
          1.880	  6.640
          1.884	  6.625
          1.888	  6.570
          1.892	  6.580
          1.896	  6.665
          1.900	  6.750
          1.904	  6.835
          1.908	  6.870
          1.912	  6.905
          1.916	  6.975
          1.920	  7.015
          1.924	  7.095
          1.928	  7.130
          1.932	  7.215
          1.936	  7.255
          1.940	  7.290
          1.944	  7.340
          1.948	  7.360
          1.952	  7.365
          1.956	  7.365
          1.960	  7.400
          1.964	  7.460
          1.968	  7.450
          1.972	  7.450
          1.976	  7.460
          1.980	  7.450
          1.984	  7.445
          1.988	  7.495
          1.992	  7.480
          1.996	  7.435
          2.000	  7.410
          2.004	  7.435
          2.008	  7.460
          2.012	  7.480
          2.016	  7.480
          2.020	  7.480
          2.024	  7.485
          2.028	  7.505
          2.032	  7.505
          2.036	  7.505
          2.040	  7.505
          2.044	  7.460
          2.048	  7.425
          2.052	  7.450
          2.056	  7.470
          2.060	  7.505
          2.064	  7.520
          2.068	  7.505
          2.072	  7.480
          2.076	  7.445
          2.080	  7.435
          2.084	  7.485
          2.088	  7.530
          2.092	  7.540
          2.096	  7.520
          2.100	  7.505
          2.104	  7.470
          2.108	  7.505
          2.112	  7.530
          2.116	  7.600
          2.120	  7.600
          2.124	  7.555
          2.128	  7.505
          2.132	  7.480
          2.136	  7.510
          2.140	  7.545
          2.144	  7.565
          2.148	  7.530
          2.152	  7.510
          2.156	  7.530
          2.160	  7.545
          2.164	  7.565
          2.168	  7.570
          2.172	  7.570
          2.176	  7.600
          2.180	  7.640
          2.184	  7.600
          2.188	  7.570
          2.192	  7.600
          2.196	  7.605
          2.200	  7.640
          2.204	  7.580
          2.208	  7.545
          2.212	  7.545
          2.216	  7.555
          2.220	  7.570
          2.224	  7.590
          2.228	  7.605
          2.232	  7.625
          2.236	  7.630
          2.240	  7.615
          2.244	  7.590
          2.248	  7.565
          2.252	  7.540
          2.256	  7.565
          2.260	  7.600
          2.264	  7.650
          2.268	  7.625
          2.272	  7.600
          2.276	  7.625
          2.280	  7.640
          2.284	  7.615
          2.288	  7.640
          2.292	  7.640
          2.296	  7.625
          2.300	  7.625
          2.304	  7.600
          2.308	  7.580
          2.312	  7.590
          2.316	  7.600
          2.320	  7.615
          2.324	  7.615
          2.328	  7.625
          2.332	  7.630
          2.336	  7.655
          2.340	  7.665
          2.344	  7.640
          2.348	  7.630
          2.352	  7.640
          2.356	  7.630
          2.360	  7.650
          2.364	  7.665
          2.368	  7.685
          2.372	  7.715
          2.376	  7.685
          2.380	  7.640
          2.384	  7.565
          2.388	  7.540
          2.392	  7.600
          2.396	  7.605
          2.400	  7.615
          2.404	  7.600
          2.408	  7.630
          2.412	  7.665
          2.416	  7.685
          2.420	  7.640
          2.424	  7.580
          2.428	  7.570
          2.432	  7.605
          2.436	  7.675
          2.440	  7.655
          2.444	  7.640
          2.448	  7.615
          2.452	  7.605
          2.456	  7.640
          2.460	  7.630
          2.464	  7.640
          2.468	  7.665
          2.472	  7.655
          2.476	  7.625
          2.480	  7.565
          2.484	  7.590
          2.488	  7.630
          2.492	  7.650
          2.496	  7.655
          2.500	  7.665
          2.504	  7.615
          2.508	  7.605
          2.512	  7.605
          2.516	  7.625
          2.520	  7.650
          2.524	  7.655
          2.528	  7.630
          2.532	  7.590
          2.536	  7.570
          2.540	  7.605
          2.544	  7.640
          2.548	  7.655
          2.552	  7.655
          2.556	  7.650
          2.560	  7.640
          2.564	  7.630
          2.568	  7.630
          2.572	  7.630
          2.576	  7.650
          2.580	  7.685
          2.584	  7.685
          2.588	  7.685
          2.592	  7.650
          2.596	  7.640
          2.600	  7.685
          2.604	  7.690
          2.608	  7.700
          2.612	  7.600
          2.616	  7.400
          2.620	  7.120
          2.624	  6.880
          2.628	  6.735
          2.632	  6.545
          2.636	  6.195
          2.640	  6.160
          2.644	  6.590
          2.648	  7.265
          2.652	  7.760
          2.656	  7.990
          2.660	  7.975
          2.664	  7.810
          2.668	  7.655
          2.672	  7.640
          2.676	  7.605
          2.680	  7.600
          2.684	  7.555
          2.688	  7.545
          2.692	  7.545
          2.696	  7.570
          2.700	  7.600
          2.704	  7.605
          2.708	  7.555
          2.712	  7.495
          2.716	  7.495
          2.720	  7.565
          2.724	  7.640
          2.728	  7.640
          2.732	  7.590
          2.736	  7.540
          2.740	  7.530
          2.744	  7.565
          2.748	  7.570
          2.752	  7.565
          2.756	  7.530
          2.760	  7.545
          2.764	  7.565
          2.768	  7.545
          2.772	  7.530
          2.776	  7.505
          2.780	  7.470
          2.784	  7.460
          2.788	  7.480
          2.792	  7.520
          2.796	  7.520
          2.800	  7.540
          2.804	  7.505
          2.808	  7.480
          2.812	  7.425
          2.816	  7.375
          2.820	  7.365
          2.824	  7.385
          2.828	  7.375
          2.832	  7.360
          2.836	  7.365
          2.840	  7.340
          2.844	  7.290
          2.848	  7.300
          2.852	  7.275
          2.856	  7.245
          2.860	  7.180
          2.864	  7.110
          2.868	  7.095
          2.872	  7.095
          2.876	  7.085
          2.880	  7.000
          2.884	  6.930
          2.888	  6.855
          2.892	  6.830
          2.896	  6.810
          2.900	  6.795
          2.904	  6.775
          2.908	  6.710
          2.912	  6.725
          2.916	  6.735
          2.920	  6.735
          2.924	  6.725
          2.928	  6.725
          2.932	  6.750
          2.936	  6.820
          2.940	  6.880
          2.944	  6.975
          2.948	  7.025
          2.952	  7.095
          2.956	  7.145
          2.960	  7.215
          2.964	  7.275
          2.968	  7.360
          2.972	  7.425
          2.976	  7.460
          2.980	  7.485
          2.984	  7.505
          2.988	  7.495
          2.992	  7.520
          2.996	  7.555
          3.000	  7.545
          3.004	  7.565
          3.008	  7.570
          3.012	  7.570
          3.016	  7.605
          3.020	  7.580
          3.024	  7.600
          3.028	  7.615
          3.032	  7.600
          3.036	  7.600
          3.040	  7.605
          3.044	  7.605
          3.048	  7.605
          3.052	  7.605
          3.056	  7.600
          3.060	  7.640
          3.064	  7.600
          3.068	  7.615
          3.072	  7.600
          3.076	  7.615
          3.080	  7.640
          3.084	  7.605
          3.088	  7.615
          3.092	  7.615
          3.096	  7.615
          3.100	  7.605
          3.104	  7.615
          3.108	  7.615
          3.112	  7.615
          3.116	  7.605
          3.120	  7.615
          3.124	  7.625
          3.128	  7.640
          3.132	  7.640
          3.136	  7.630
          3.140	  7.640
          3.144	  7.655
          3.148	  7.640
          3.152	  7.650
          3.156	  7.640
          3.160	  7.640
          3.164	  7.650
          3.168	  7.665
          3.172	  7.665
          3.176	  7.675
          3.180	  7.685
          3.184	  7.655
          3.188	  7.665
          3.192	  7.685
          3.196	  7.685
          3.200	  7.690
          3.204	  7.690
          3.208	  7.690
          3.212	  7.685
          3.216	  7.690
          3.220	  7.700
          3.224	  7.710
          3.228	  7.700
          3.232	  7.690
          3.236	  7.700
          3.240	  7.710
          3.244	  7.690
          3.248	  7.700
          3.252	  7.735
          3.256	  7.710
          3.260	  7.710
          3.264	  7.715
          3.268	  7.710
          3.272	  7.715
          3.276	  7.710
          3.280	  7.700
          3.284	  7.700
          3.288	  7.710
          3.292	  7.700
          3.296	  7.700
          3.300	  7.700
          3.304	  7.710
          3.308	  7.710
          3.312	  7.710
          3.316	  7.735
          3.320	  7.700
          3.324	  7.700
          3.328	  7.700
          3.332	  7.700
          3.336	  7.710
          3.340	  7.700
          3.344	  7.700
          3.348	  7.710
          3.352	  7.715
          3.356	  7.710
          3.360	  7.700
          3.364	  7.710
          3.368	  7.710
          3.372	  7.700
          3.376	  7.700
          3.380	  7.710
          3.384	  7.700
          3.388	  7.700
          3.392	  7.700
          3.396	  7.690
          3.400	  7.690
          3.404	  7.700
          3.408	  7.700
          3.412	  7.700
          3.416	  7.700
          3.420	  7.685
          3.424	  7.685
          3.428	  7.700
          3.432	  7.700
          3.436	  7.700
          3.440	  7.700
          3.444	  7.700
          3.448	  7.685
          3.452	  7.685
          3.456	  7.685
          3.460	  7.685
          3.464	  7.690
          3.468	  7.700
          3.472	  7.690
          3.476	  7.690
          3.480	  7.690
          3.484	  7.685
          3.488	  7.710
          3.492	  7.700
          3.496	  7.700
          3.500	  7.690
          3.504	  7.685
          3.508	  7.700
          3.512	  7.710
          3.516	  7.700
          3.520	  7.685
          3.524	  7.685
          3.528	  7.685
          3.532	  7.665
          3.536	  7.665
          3.540	  7.690
          3.544	  7.690
          3.548	  7.685
          3.552	  7.710
          3.556	  7.665
          3.560	  7.655
          3.564	  7.640
          3.568	  7.650
          3.572	  7.640
          3.576	  7.640
          3.580	  7.640
          3.584	  7.650
          3.588	  7.665
          3.592	  7.665
          3.596	  7.685
          3.600	  7.665
          3.604	  7.665
          3.608	  7.665
          3.612	  7.655
          3.616	  7.665
          3.620	  7.650
          3.624	  7.650
          3.628	  7.655
          3.632	  7.650
          3.636	  7.655
          3.640	  7.650
          3.644	  7.685
          3.648	  7.685
          3.652	  7.650
          3.656	  7.600
          3.660	  7.470
          3.664	  7.155
          3.668	  6.890
          3.672	  6.785
          3.676	  6.725
          3.680	  6.435
          3.684	  6.230
          3.688	  6.530
          3.692	  7.100
          3.696	  7.640
          3.700	  7.950
          3.704	  8.040
          3.708	  7.880
          3.712	  7.690
          3.716	  7.600
          3.720	  7.580
          3.724	  7.605
          3.728	  7.555
          3.732	  7.545
          3.736	  7.545
          3.740	  7.540
          3.744	  7.545
          3.748	  7.545
          3.752	  7.545
          3.756	  7.545
          3.760	  7.545
          3.764	  7.545
          3.768	  7.555
          3.772	  7.540
          3.776	  7.540
          3.780	  7.530
          3.784	  7.520
          3.788	  7.540
          3.792	  7.510
          3.796	  7.520
          3.800	  7.505
          3.804	  7.505
          3.808	  7.505
          3.812	  7.505
          3.816	  7.495
          3.820	  7.470
          3.824	  7.470
          3.828	  7.450
          3.832	  7.460
          3.836	  7.450
          3.840	  7.445
          3.844	  7.435
          3.848	  7.435
          3.852	  7.425
          3.856	  7.410
          3.860	  7.400
          3.864	  7.375
          3.868	  7.365
          3.872	  7.360
          3.876	  7.325
          3.880	  7.335
          3.884	  7.300
          3.888	  7.290
          3.892	  7.265
          3.896	  7.195
          3.900	  7.180
          3.904	  7.160
          3.908	  7.120
          3.912	  7.095
          3.916	  7.040
          3.920	  7.015
          3.924	  6.980
          3.928	  6.950
          3.932	  6.905
          3.936	  6.880
          3.940	  6.865
          3.944	  6.820
          3.948	  6.805
          3.952	  6.770
          3.956	  6.750
          3.960	  6.715
          3.964	  6.715
          3.968	  6.735
          3.972	  6.760
          3.976	  6.785
          3.980	  6.820
          3.984	  6.855
          3.988	  6.920
          3.992	  6.965
          3.996	  7.035
          4.000	  7.110
          4.004	  7.155
          4.008	  7.215
          4.012	  7.265
          4.016	  7.305
          4.020	  7.360
          4.024	  7.365
          4.028	  7.410
          4.032	  7.425
          4.036	  7.460
          4.040	  7.485
          4.044	  7.485
          4.048	  7.495
          4.052	  7.505
          4.056	  7.520
          4.060	  7.510
          4.064	  7.505
          4.068	  7.505
          4.072	  7.520
          4.076	  7.505
          4.080	  7.510
          4.084	  7.505
          4.088	  7.520
          4.092	  7.505
          4.096	  7.510
          4.100	  7.505
          4.104	  7.505
          4.108	  7.510
          4.112	  7.530
          4.116	  7.520
          4.120	  7.520
          4.124	  7.510
          4.128	  7.520
          4.132	  7.555
          4.136	  7.505
          4.140	  7.510
          4.144	  7.530
          4.148	  7.505
          4.152	  7.505
          4.156	  7.505
          4.160	  7.495
          4.164	  7.520
          4.168	  7.540
          4.172	  7.495
          4.176	  7.495
          4.180	  7.520
          4.184	  7.530
          4.188	  7.530
          4.192	  7.540
          4.196	  7.600
          4.200	  7.605
          4.204	  7.600
          4.208	  7.590
          4.212	  7.565
          4.216	  7.530
          4.220	  7.510
          4.224	  7.570
          4.228	  7.625
          4.232	  7.675
          4.236	  7.685
          4.240	  7.640
          4.244	  7.570
          4.248	  7.505
          4.252	  7.510
          4.256	  7.530
          4.260	  7.565
          4.264	  7.590
          4.268	  7.570
          4.272	  7.580
          4.276	  7.580
          4.280	  7.605
          4.284	  7.605
          4.288	  7.615
          4.292	  7.625
          4.296	  7.625
          4.300	  7.625
          4.304	  7.630
          4.308	  7.640
          4.312	  7.615
          4.316	  7.640
          4.320	  7.650
          4.324	  7.685
          4.328	  7.685
          4.332	  7.700
          4.336	  7.675
          4.340	  7.640
          4.344	  7.625
          4.348	  7.640
          4.352	  7.615
          4.356	  7.605
          4.360	  7.640
          4.364	  7.615
          4.368	  7.625
          4.372	  7.600
          4.376	  7.605
          4.380	  7.605
          4.384	  7.630
          4.388	  7.640
          4.392	  7.640
          4.396	  7.630
          4.400	  7.630
          4.404	  7.630
          4.408	  7.640
          4.412	  7.665
          4.416	  7.685
          4.420	  7.700
          4.424	  7.710
          4.428	  7.710
          4.432	  7.665
          4.436	  7.605
          4.440	  7.625
          4.444	  7.630
          4.448	  7.615
          4.452	  7.630
          4.456	  7.675
          4.460	  7.700
          4.464	  7.690
          4.468	  7.640
          4.472	  7.625
          4.476	  7.625
          4.480	  7.640
          4.484	  7.650
          4.488	  7.655
          4.492	  7.640
          4.496	  7.630
          4.500	  7.640
          4.504	  7.650
          4.508	  7.655
          4.512	  7.675
          4.516	  7.640
          4.520	  7.625
          4.524	  7.625
          4.528	  7.630
          4.532	  7.630
          4.536	  7.640
          4.540	  7.710
          4.544	  7.700
          4.548	  7.690
          4.552	  7.685
          4.556	  7.630
          4.560	  7.650
          4.564	  7.690
          4.568	  7.725
          4.572	  7.745
          4.576	  7.715
          4.580	  7.685
          4.584	  7.640
          4.588	  7.625
          4.592	  7.625
          4.596	  7.605
          4.600	  7.640
          4.604	  7.685
          4.608	  7.625
          4.612	  7.605
          4.616	  7.655
          4.620	  7.685
          4.624	  7.690
          4.628	  7.675
          4.632	  7.630
          4.636	  7.600
          4.640	  7.615
          4.644	  7.685
          4.648	  7.710
          4.652	  7.710
          4.656	  7.685
          4.660	  7.640
          4.664	  7.640
          4.668	  7.675
          4.672	  7.665
          4.676	  7.685
          4.680	  7.690
          4.684	  7.640
          4.688	  7.570
          4.692	  7.390
          4.696	  7.100
          4.700	  6.890
          4.704	  6.750
          4.708	  6.630
          4.712	  6.375
          4.716	  6.315
          4.720	  6.745
          4.724	  7.290
          4.728	  7.675
          4.732	  7.920
          4.736	  7.955
          4.740	  7.805
          4.744	  7.665
          4.748	  7.605
          4.752	  7.590
          4.756	  7.625
          4.760	  7.600
          4.764	  7.570
          4.768	  7.570
          4.772	  7.570
          4.776	  7.605
          4.780	  7.570
          4.784	  7.580
          4.788	  7.625
          4.792	  7.640
          4.796	  7.630
          4.800	  7.605
          4.804	  7.600
          4.808	  7.590
          4.812	  7.600
          4.816	  7.630
          4.820	  7.630
          4.824	  7.640
          4.828	  7.600
          4.832	  7.530
          4.836	  7.555
          4.840	  7.640
          4.844	  7.605
          4.848	  7.580
          4.852	  7.570
          4.856	  7.580
          4.860	  7.590
          4.864	  7.600
          4.868	  7.570
          4.872	  7.545
          4.876	  7.505
          4.880	  7.510
          4.884	  7.545
          4.888	  7.545
          4.892	  7.540
          4.896	  7.495
          4.900	  7.485
          4.904	  7.460
          4.908	  7.445
          4.912	  7.445
          4.916	  7.435
          4.920	  7.410
          4.924	  7.365
          4.928	  7.305
          4.932	  7.300
          4.936	  7.275
          4.940	  7.255
          4.944	  7.230
          4.948	  7.195
          4.952	  7.160
          4.956	  7.095
          4.960	  7.025
          4.964	  7.025
          4.968	  7.025
          4.972	  7.000
          4.976	  6.975
          4.980	  6.965
          4.984	  6.950
          4.988	  6.920
          4.992	  6.915
          4.996	  6.865
          5.000	  6.880
          5.004	  6.920
          5.008	  6.975
          5.012	  6.975
          5.016	  7.025
          5.020	  7.095
          5.024	  7.180
          5.028	  7.245
          5.032	  7.290
          5.036	  7.360
          5.040	  7.420
          5.044	  7.450
          5.048	  7.480
          5.052	  7.530
          5.056	  7.565
          5.060	  7.600
          5.064	  7.625
          5.068	  7.630
          5.072	  7.630
          5.076	  7.665
          5.080	  7.640
          5.084	  7.650
          5.088	  7.640
          5.092	  7.665
          5.096	  7.655
          5.100	  7.665
          5.104	  7.665
          5.108	  7.675
          5.112	  7.675
          5.116	  7.665
          5.120	  7.665
          5.124	  7.665
          5.128	  7.685
          5.132	  7.665
          5.136	  7.665
          5.140	  7.665
          5.144	  7.665
          5.148	  7.665
          5.152	  7.665
          5.156	  7.665
          5.160	  7.685
          5.164	  7.685
          5.168	  7.685
          5.172	  7.685
          5.176	  7.690
          5.180	  7.685
          5.184	  7.710
          5.188	  7.690
          5.192	  7.685
          5.196	  7.665
          5.200	  7.665
          5.204	  7.685
          5.208	  7.675
          5.212	  7.650
          5.216	  7.650
          5.220	  7.640
          5.224	  7.655
          5.228	  7.690
          5.232	  7.685
          5.236	  7.690
          5.240	  7.690
          5.244	  7.685
          5.248	  7.735
          5.252	  7.700
          5.256	  7.710
          5.260	  7.710
          5.264	  7.710
          5.268	  7.710
          5.272	  7.725
          5.276	  7.745
          5.280	  7.750
          5.284	  7.735
          5.288	  7.725
          5.292	  7.710
          5.296	  7.710
          5.300	  7.700
          5.304	  7.710
          5.308	  7.710
          5.312	  7.735
          5.316	  7.700
          5.320	  7.710
          5.324	  7.715
          5.328	  7.715
          5.332	  7.710
          5.336	  7.735
          5.340	  7.735
          5.344	  7.745
          5.348	  7.735
          5.352	  7.735
          5.356	  7.735
          5.360	  7.745
          5.364	  7.735
          5.368	  7.745
          5.372	  7.735
          5.376	  7.745
          5.380	  7.735
          5.384	  7.745
          5.388	  7.745
          5.392	  7.745
          5.396	  7.750
          5.400	  7.735
          5.404	  7.745
          5.408	  7.725
          5.412	  7.735
          5.416	  7.725
          5.420	  7.735
          5.424	  7.715
          5.428	  7.735
          5.432	  7.745
          5.436	  7.725
          5.440	  7.745
          5.444	  7.745
          5.448	  7.735
          5.452	  7.725
          5.456	  7.735
          5.460	  7.710
          5.464	  7.700
          5.468	  7.725
          5.472	  7.715
          5.476	  7.710
          5.480	  7.725
          5.484	  7.745
          5.488	  7.735
          5.492	  7.735
          5.496	  7.725
          5.500	  7.710
          5.504	  7.710
          5.508	  7.710
          5.512	  7.725
          5.516	  7.725
          5.520	  7.725
          5.524	  7.710
          5.528	  7.725
          5.532	  7.725
          5.536	  7.735
          5.540	  7.735
          5.544	  7.710
          5.548	  7.700
          5.552	  7.700
          5.556	  7.715
          5.560	  7.745
          5.564	  7.735
          5.568	  7.725
          5.572	  7.715
          5.576	  7.700
          5.580	  7.710
          5.584	  7.735
          5.588	  7.725
          5.592	  7.735
          5.596	  7.725
          5.600	  7.715
          5.604	  7.710
          5.608	  7.690
          5.612	  7.735
          5.616	  7.750
          5.620	  7.770
          5.624	  7.735
          5.628	  7.710
          5.632	  7.675
          5.636	  7.665
          5.640	  7.655
          5.644	  7.675
          5.648	  7.675
          5.652	  7.685
          5.656	  7.725
          5.660	  7.700
          5.664	  7.715
          5.668	  7.725
          5.672	  7.735
          5.676	  7.735
          5.680	  7.735
          5.684	  7.725
          5.688	  7.715
          5.692	  7.735
          5.696	  7.725
          5.700	  7.715
          5.704	  7.725
          5.708	  7.710
          5.712	  7.725
          5.716	  7.760
          5.720	  7.785
          5.724	  7.715
          5.728	  7.625
          5.732	  7.400
          5.736	  7.095
          5.740	  6.880
          5.744	  6.760
          5.748	  6.570
          5.752	  6.255
          5.756	  6.305
          5.760	  6.805
          5.764	  7.435
          5.768	  7.845
          5.772	  8.015
          5.776	  7.955
          5.780	  7.775
          5.784	  7.710
          5.788	  7.685
          5.792	  7.685
          5.796	  7.665
          5.800	  7.630
          5.804	  7.600
          5.808	  7.615
          5.812	  7.630
          5.816	  7.640
          5.820	  7.625
          5.824	  7.600
          5.828	  7.630
          5.832	  7.640
          5.836	  7.655
          5.840	  7.640
          5.844	  7.630
          5.848	  7.640
          5.852	  7.625
          5.856	  7.630
          5.860	  7.615
          5.864	  7.605
          5.868	  7.570
          5.872	  7.615
          5.876	  7.580
          5.880	  7.570
          5.884	  7.570
          5.888	  7.545
          5.892	  7.590
          5.896	  7.555
          5.900	  7.555
          5.904	  7.540
          5.908	  7.540
          5.912	  7.530
          5.916	  7.540
          5.920	  7.530
          5.924	  7.530
          5.928	  7.510
          5.932	  7.505
          5.936	  7.480
          5.940	  7.470
          5.944	  7.470
          5.948	  7.445
          5.952	  7.435
          5.956	  7.375
          5.960	  7.365
          5.964	  7.325
          5.968	  7.300
          5.972	  7.275
          5.976	  7.230
          5.980	  7.185
          5.984	  7.155
          5.988	  7.130
          5.992	  7.095
          5.996	  7.070
          6.000	  7.025
          6.004	  6.990
          6.008	  6.965
          6.012	  6.950
          6.016	  6.905
          6.020	  6.880
          6.024	  6.845
          6.028	  6.820
          6.032	  6.810
          6.036	  6.820
          6.040	  6.835
          6.044	  6.865
          6.048	  6.865
          6.052	  6.915
          6.056	  6.955
          6.060	  7.015
          6.064	  7.035
          6.068	  7.135
          6.072	  7.215
          6.076	  7.275
          6.080	  7.340
          6.084	  7.365
          6.088	  7.410
          6.092	  7.480
          6.096	  7.530
          6.100	  7.555
          6.104	  7.565
          6.108	  7.605
          6.112	  7.590
          6.116	  7.580
          6.120	  7.600
          6.124	  7.600
          6.128	  7.630
          6.132	  7.605
          6.136	  7.625
          6.140	  7.630
          6.144	  7.615
          6.148	  7.615
          6.152	  7.640
          6.156	  7.630
          6.160	  7.615
          6.164	  7.625
          6.168	  7.615
          6.172	  7.630
          6.176	  7.630
          6.180	  7.640
          6.184	  7.640
          6.188	  7.640
          6.192	  7.655
          6.196	  7.605
          6.200	  7.630
          6.204	  7.630
          6.208	  7.615
          6.212	  7.605
          6.216	  7.625
          6.220	  7.625
          6.224	  7.630
          6.228	  7.630
          6.232	  7.615
          6.236	  7.605
          6.240	  7.615
          6.244	  7.615
          6.248	  7.625
          6.252	  7.605
          6.256	  7.630
          6.260	  7.630
          6.264	  7.640
          6.268	  7.650
          6.272	  7.650
          6.276	  7.630
          6.280	  7.640
          6.284	  7.615
          6.288	  7.625
          6.292	  7.630
          6.296	  7.640
          6.300	  7.685
          6.304	  7.665
          6.308	  7.665
          6.312	  7.655
          6.316	  7.640
          6.320	  7.655
          6.324	  7.665
          6.328	  7.655
          6.332	  7.650
          6.336	  7.655
          6.340	  7.640
          6.344	  7.630
          6.348	  7.640
          6.352	  7.650
          6.356	  7.650
          6.360	  7.665
          6.364	  7.700
          6.368	  7.650
          6.372	  7.655
          6.376	  7.655
          6.380	  7.655
          6.384	  7.675
          6.388	  7.690
          6.392	  7.690
          6.396	  7.655
          6.400	  7.630
          6.404	  7.630
          6.408	  7.675
          6.412	  7.675
          6.416	  7.665
          6.420	  7.655
          6.424	  7.640
          6.428	  7.650
          6.432	  7.650
          6.436	  7.665
          6.440	  7.675
          6.444	  7.650
          6.448	  7.655
          6.452	  7.665
          6.456	  7.685
          6.460	  7.665
          6.464	  7.650
          6.468	  7.640
          6.472	  7.640
          6.476	  7.630
          6.480	  7.630
          6.484	  7.630
          6.488	  7.640
          6.492	  7.630
          6.496	  7.630
          6.500	  7.640
          6.504	  7.640
          6.508	  7.640
          6.512	  7.625
          6.516	  7.650
          6.520	  7.650
          6.524	  7.655
          6.528	  7.655
          6.532	  7.640
          6.536	  7.685
          6.540	  7.630
          6.544	  7.615
          6.548	  7.630
          6.552	  7.630
          6.556	  7.630
          6.560	  7.640
          6.564	  7.630
          6.568	  7.640
          6.572	  7.630
          6.576	  7.615
          6.580	  7.630
          6.584	  7.630
          6.588	  7.640
          6.592	  7.650
          6.596	  7.630
          6.600	  7.675
          6.604	  7.630
          6.608	  7.625
          6.612	  7.630
          6.616	  7.640
          6.620	  7.630
          6.624	  7.630
          6.628	  7.630
          6.632	  7.640
          6.636	  7.640
          6.640	  7.630
          6.644	  7.630
          6.648	  7.615
          6.652	  7.600
          6.656	  7.605
          6.660	  7.625
          6.664	  7.655
          6.668	  7.640
          6.672	  7.630
          6.676	  7.605
          6.680	  7.615
          6.684	  7.605
          6.688	  7.615
          6.692	  7.600
          6.696	  7.570
          6.700	  7.580
          6.704	  7.590
          6.708	  7.615
          6.712	  7.615
          6.716	  7.615
          6.720	  7.615
          6.724	  7.600
          6.728	  7.605
          6.732	  7.615
          6.736	  7.615
          6.740	  7.625
          6.744	  7.615
          6.748	  7.580
          6.752	  7.590
          6.756	  7.565
          6.760	  7.590
          6.764	  7.570
          6.768	  7.600
          6.772	  7.625
          6.776	  7.570
          6.780	  7.495
          6.784	  7.280
          6.788	  6.980
          6.792	  6.785
          6.796	  6.710
          6.800	  6.580
          6.804	  6.245
          6.808	  6.185
          6.812	  6.545
          6.816	  7.060
          6.820	  7.545
          6.824	  7.870
          6.828	  7.915
          6.832	  7.745
          6.836	  7.570
          6.840	  7.485
          6.844	  7.485
          6.848	  7.505
          6.852	  7.485
          6.856	  7.445
          6.860	  7.460
          6.864	  7.470
          6.868	  7.480
          6.872	  7.485
          6.876	  7.460
          6.880	  7.470
          6.884	  7.485
          6.888	  7.485
          6.892	  7.485
          6.896	  7.470
          6.900	  7.480
          6.904	  7.470
          6.908	  7.435
          6.912	  7.450
          6.916	  7.445
          6.920	  7.435
          6.924	  7.435
          6.928	  7.435
          6.932	  7.435
          6.936	  7.425
          6.940	  7.410
          6.944	  7.445
          6.948	  7.410
          6.952	  7.410
          6.956	  7.400
          6.960	  7.390
          6.964	  7.365
          6.968	  7.375
          6.972	  7.360
          6.976	  7.340
          6.980	  7.340
          6.984	  7.325
          6.988	  7.305
          6.992	  7.315
          6.996	  7.315
          7.000	  7.300
          7.004	  7.290
          7.008	  7.220
          7.012	  7.195
          7.016	  7.180
          7.020	  7.170
          7.024	  7.145
          7.028	  7.100
          7.032	  7.070
          7.036	  7.025
          7.040	  7.010
          7.044	  6.975
          7.048	  6.955
          7.052	  6.895
          7.056	  6.855
          7.060	  6.820
          7.064	  6.820
          7.068	  6.805
          7.072	  6.750
          7.076	  6.735
          7.080	  6.710
          7.084	  6.685
          7.088	  6.685
          7.092	  6.690
          7.096	  6.700
          7.100	  6.715
          7.104	  6.735
          7.108	  6.775
          7.112	  6.820
          7.116	  6.880
          7.120	  6.930
          7.124	  6.990
          7.128	  7.035
          7.132	  7.095
          7.136	  7.160
          7.140	  7.215
          7.144	  7.255
          7.148	  7.290
          7.152	  7.325
          7.156	  7.360
          7.160	  7.385
          7.164	  7.410
          7.168	  7.420
          7.172	  7.425
          7.176	  7.435
          7.180	  7.470
          7.184	  7.445
          7.188	  7.460
          7.192	  7.460
          7.196	  7.470
          7.200	  7.485
          7.204	  7.470
          7.208	  7.460
          7.212	  7.470
          7.216	  7.480
          7.220	  7.470
          7.224	  7.480
          7.228	  7.470
          7.232	  7.470
          7.236	  7.470
          7.240	  7.470
          7.244	  7.470
          7.248	  7.450
          7.252	  7.460
          7.256	  7.460
          7.260	  7.470
          7.264	  7.470
          7.268	  7.460
          7.272	  7.470
          7.276	  7.460
          7.280	  7.450
          7.284	  7.435
          7.288	  7.470
          7.292	  7.470
          7.296	  7.470
          7.300	  7.460
          7.304	  7.470
          7.308	  7.470
          7.312	  7.470
          7.316	  7.480
          7.320	  7.460
          7.324	  7.480
          7.328	  7.470
          7.332	  7.480
          7.336	  7.480
          7.340	  7.470
          7.344	  7.480
          7.348	  7.470
          7.352	  7.505
          7.356	  7.495
          7.360	  7.520
          7.364	  7.510
          7.368	  7.505
          7.372	  7.510
          7.376	  7.505
          7.380	  7.505
          7.384	  7.510
          7.388	  7.510
          7.392	  7.520
          7.396	  7.555
          7.400	  7.540
          7.404	  7.520
          7.408	  7.520
          7.412	  7.530
          7.416	  7.580
          7.420	  7.545
          7.424	  7.540
          7.428	  7.540
          7.432	  7.530
          7.436	  7.540
          7.440	  7.540
          7.444	  7.540
          7.448	  7.545
          7.452	  7.545
          7.456	  7.540
          7.460	  7.555
          7.464	  7.540
          7.468	  7.540
          7.472	  7.545
          7.476	  7.545
          7.480	  7.580
          7.484	  7.565
          7.488	  7.555
          7.492	  7.565
          7.496	  7.565
          7.500	  7.540
          7.504	  7.570
          7.508	  7.565
          7.512	  7.545
          7.516	  7.555
          7.520	  7.540
          7.524	  7.545
          7.528	  7.555
          7.532	  7.545
          7.536	  7.545
          7.540	  7.545
          7.544	  7.570
          7.548	  7.545
          7.552	  7.545
          7.556	  7.555
          7.560	  7.545
          7.564	  7.555
          7.568	  7.545
          7.572	  7.545
          7.576	  7.545
          7.580	  7.540
          7.584	  7.545
          7.588	  7.590
          7.592	  7.570
          7.596	  7.545
          7.600	  7.570
          7.604	  7.570
          7.608	  7.570
          7.612	  7.570
          7.616	  7.545
          7.620	  7.540
          7.624	  7.530
          7.628	  7.570
          7.632	  7.555
          7.636	  7.570
          7.640	  7.570
          7.644	  7.545
          7.648	  7.540
          7.652	  7.570
          7.656	  7.565
          7.660	  7.565
          7.664	  7.570
          7.668	  7.580
          7.672	  7.590
          7.676	  7.600
          7.680	  7.590
          7.684	  7.600
          7.688	  7.600
          7.692	  7.600
          7.696	  7.600
          7.700	  7.580
          7.704	  7.600
          7.708	  7.605
          7.712	  7.615
          7.716	  7.630
          7.720	  7.600
          7.724	  7.570
          7.728	  7.570
          7.732	  7.565
          7.736	  7.545
          7.740	  7.555
          7.744	  7.555
          7.748	  7.570
          7.752	  7.590
          7.756	  7.590
          7.760	  7.590
          7.764	  7.570
          7.768	  7.590
          7.772	  7.590
          7.776	  7.600
          7.780	  7.600
          7.784	  7.580
          7.788	  7.565
          7.792	  7.555
          7.796	  7.565
          7.800	  7.570
          7.804	  7.570
          7.808	  7.590
          7.812	  7.605
          7.816	  7.570
          7.820	  7.520
          7.824	  7.450
          7.828	  7.160
          7.832	  6.950
          7.836	  6.820
          7.840	  6.770
          7.844	  6.530
          7.848	  6.240
          7.852	  6.360
          7.856	  6.810
          7.860	  7.255
          7.864	  7.580
          7.868	  7.810
          7.872	  7.750
          7.876	  7.570
          7.880	  7.495
          7.884	  7.470
          7.888	  7.505
          7.892	  7.480
          7.896	  7.485
          7.900	  7.470
          7.904	  7.485
          7.908	  7.495
          7.912	  7.505
          7.916	  7.505
          7.920	  7.520
          7.924	  7.505
          7.928	  7.485
          7.932	  7.505
          7.936	  7.505
          7.940	  7.505
          7.944	  7.505
          7.948	  7.495
          7.952	  7.520
          7.956	  7.505
          7.960	  7.495
          7.964	  7.495
          7.968	  7.485
          7.972	  7.485
          7.976	  7.485
          7.980	  7.485
          7.984	  7.480
          7.988	  7.485
          7.992	  7.485
          7.996	  7.460
          8.000	  7.445
          8.004	  7.450
          8.008	  7.470
          8.012	  7.450
          8.016	  7.460
          8.020	  7.435
          8.024	  7.435
          8.028	  7.425
          8.032	  7.400
          8.036	  7.420
          8.040	  7.400
          8.044	  7.360
          8.048	  7.360
          8.052	  7.335
          8.056	  7.325
          8.060	  7.280
          8.064	  7.275
          8.068	  7.255
          8.072	  7.230
          8.076	  7.185
          8.080	  7.130
          8.084	  7.100
          8.088	  7.085
          8.092	  7.050
          8.096	  7.015
          8.100	  6.975
          8.104	  6.950
          8.108	  6.915
          8.112	  6.890
          8.116	  6.870
          8.120	  6.845
          8.124	  6.795
          8.128	  6.795
          8.132	  6.810
          8.136	  6.820
          8.140	  6.835
          8.144	  6.870
          8.148	  6.905
          8.152	  6.950
          8.156	  7.000
          8.160	  7.060
          8.164	  7.135
          8.168	  7.180
          8.172	  7.220
          8.176	  7.275
          8.180	  7.325
          8.184	  7.365
          8.188	  7.425
          8.192	  7.450
          8.196	  7.470
          8.200	  7.505
          8.204	  7.520
          8.208	  7.540
          8.212	  7.545
          8.216	  7.545
          8.220	  7.565
          8.224	  7.570
          8.228	  7.565
          8.232	  7.590
          8.236	  7.545
          8.240	  7.565
          8.244	  7.570
          8.248	  7.570
          8.252	  7.570
          8.256	  7.565
          8.260	  7.565
          8.264	  7.570
          8.268	  7.570
          8.272	  7.565
          8.276	  7.580
          8.280	  7.570
          8.284	  7.565
          8.288	  7.570
          8.292	  7.570
          8.296	  7.600
          8.300	  7.570
          8.304	  7.570
          8.308	  7.570
          8.312	  7.570
          8.316	  7.590
          8.320	  7.600
          8.324	  7.600
          8.328	  7.605
          8.332	  7.600
          8.336	  7.590
          8.340	  7.600
          8.344	  7.590
          8.348	  7.580
          8.352	  7.600
          8.356	  7.600
          8.360	  7.625
          8.364	  7.600
          8.368	  7.590
          8.372	  7.605
          8.376	  7.600
          8.380	  7.605
          8.384	  7.600
          8.388	  7.600
          8.392	  7.605
          8.396	  7.615
          8.400	  7.625
          8.404	  7.625
          8.408	  7.615
          8.412	  7.625
          8.416	  7.625
          8.420	  7.605
          8.424	  7.640
          8.428	  7.630
          8.432	  7.625
          8.436	  7.630
          8.440	  7.630
          8.444	  7.625
          8.448	  7.630
          8.452	  7.630
          8.456	  7.640
          8.460	  7.630
          8.464	  7.640
          8.468	  7.665
          8.472	  7.630
          8.476	  7.625
          8.480	  7.630
          8.484	  7.630
          8.488	  7.640
          8.492	  7.640
          8.496	  7.640
          8.500	  7.630
          8.504	  7.630
          8.508	  7.615
          8.512	  7.625
          8.516	  7.630
          8.520	  7.640
          8.524	  7.630
          8.528	  7.630
          8.532	  7.665
          8.536	  7.640
          8.540	  7.640
          8.544	  7.630
          8.548	  7.615
          8.552	  7.625
          8.556	  7.640
          8.560	  7.630
          8.564	  7.640
          8.568	  7.630
          8.572	  7.630
          8.576	  7.630
          8.580	  7.630
          8.584	  7.630
          8.588	  7.625
          8.592	  7.615
          8.596	  7.630
          8.600	  7.630
          8.604	  7.630
          8.608	  7.630
          8.612	  7.630
          8.616	  7.625
          8.620	  7.625
          8.624	  7.615
          8.628	  7.630
          8.632	  7.630
          8.636	  7.615
          8.640	  7.615
          8.644	  7.630
          8.648	  7.640
          8.652	  7.625
          8.656	  7.625
          8.660	  7.630
          8.664	  7.640
          8.668	  7.630
          8.672	  7.630
          8.676	  7.625
          8.680	  7.625
          8.684	  7.630
          8.688	  7.640
          8.692	  7.640
          8.696	  7.615
          8.700	  7.615
          8.704	  7.640
          8.708	  7.630
          8.712	  7.640
          8.716	  7.630
          8.720	  7.625
          8.724	  7.625
          8.728	  7.625
          8.732	  7.630
          8.736	  7.630
          8.740	  7.630
          8.744	  7.625
          8.748	  7.630
          8.752	  7.640
          8.756	  7.640
          8.760	  7.640
          8.764	  7.640
          8.768	  7.665
          8.772	  7.640
          8.776	  7.625
          8.780	  7.630
          8.784	  7.640
          8.788	  7.640
          8.792	  7.665
          8.796	  7.640
          8.800	  7.625
          8.804	  7.615
          8.808	  7.600
          8.812	  7.605
          8.816	  7.600
          8.820	  7.600
          8.824	  7.605
          8.828	  7.625
          8.832	  7.630
          8.836	  7.630
          8.840	  7.630
          8.844	  7.630
          8.848	  7.630
          8.852	  7.615
          8.856	  7.625
          8.860	  7.625
          8.864	  7.625
          8.868	  7.625
          8.872	  7.625
          8.876	  7.640
          8.880	  7.625
          8.884	  7.615
          8.888	  7.650
          8.892	  7.665
          8.896	  7.675
          8.900	  7.630
          8.904	  7.495
          8.908	  7.195
          8.912	  6.930
          8.916	  6.775
          8.920	  6.675
          8.924	  6.375
          8.928	  6.075
          8.932	  6.220
          8.936	  6.750
          8.940	  7.240
          8.944	  7.675
          8.948	  7.870
          8.952	  7.785
          8.956	  7.630
          8.960	  7.570
          8.964	  7.545
          8.968	  7.545
          8.972	  7.540
          8.976	  7.530
          8.980	  7.540
          8.984	  7.540
          8.988	  7.555
          8.992	  7.545
          8.996	  7.555
          9.000	  7.555
          9.004	  7.580
          9.008	  7.545
          9.012	  7.545
          9.016	  7.545
          9.020	  7.545
          9.024	  7.540
          9.028	  7.545
          9.032	  7.540
          9.036	  7.530
          9.040	  7.530
          9.044	  7.520
          9.048	  7.530
          9.052	  7.540
          9.056	  7.530
          9.060	  7.530
          9.064	  7.510
          9.068	  7.510
          9.072	  7.510
          9.076	  7.505
          9.080	  7.505
          9.084	  7.495
          9.088	  7.495
          9.092	  7.485
          9.096	  7.485
          9.100	  7.470
          9.104	  7.460
          9.108	  7.450
          9.112	  7.485
          9.116	  7.435
          9.120	  7.420
          9.124	  7.390
          9.128	  7.400
          9.132	  7.360
          9.136	  7.335
          9.140	  7.325
          9.144	  7.300
          9.148	  7.275
          9.152	  7.255
          9.156	  7.215
          9.160	  7.180
          9.164	  7.145
          9.168	  7.095
          9.172	  7.070
          9.176	  7.000
          9.180	  7.000
          9.184	  6.965
          9.188	  6.940
          9.192	  6.915
          9.196	  6.880
          9.200	  6.865
          9.204	  6.845
          9.208	  6.830
          9.212	  6.820
          9.216	  6.830
          9.220	  6.855
          9.224	  6.880
          9.228	  6.915
          9.232	  6.950
          9.236	  7.025
          9.240	  7.070
          9.244	  7.155
          9.248	  7.205
          9.252	  7.275
          9.256	  7.335
          9.260	  7.385
          9.264	  7.425
          9.268	  7.470
          9.272	  7.505
          9.276	  7.520
          9.280	  7.545
          9.284	  7.565
          9.288	  7.580
          9.292	  7.580
          9.296	  7.600
          9.300	  7.605
          9.304	  7.625
          9.308	  7.605
          9.312	  7.625
          9.316	  7.615
          9.320	  7.615
          9.324	  7.615
          9.328	  7.615
          9.332	  7.625
          9.336	  7.630
          9.340	  7.630
          9.344	  7.625
          9.348	  7.650
          9.352	  7.640
          9.356	  7.630
          9.360	  7.630
          9.364	  7.630
          9.368	  7.630
          9.372	  7.640
          9.376	  7.630
          9.380	  7.640
          9.384	  7.640
          9.388	  7.640
          9.392	  7.640
          9.396	  7.640
          9.400	  7.640
          9.404	  7.655
          9.408	  7.640
          9.412	  7.685
          9.416	  7.665
          9.420	  7.665
          9.424	  7.655
          9.428	  7.655
          9.432	  7.650
          9.436	  7.665
          9.440	  7.685
          9.444	  7.685
          9.448	  7.675
          9.452	  7.665
          9.456	  7.655
          9.460	  7.675
          9.464	  7.690
          9.468	  7.690
          9.472	  7.685
          9.476	  7.700
          9.480	  7.700
          9.484	  7.700
          9.488	  7.700
          9.492	  7.700
          9.496	  7.710
          9.500	  7.700
          9.504	  7.700
          9.508	  7.700
          9.512	  7.710
          9.516	  7.700
          9.520	  7.710
          9.524	  7.710
          9.528	  7.710
          9.532	  7.700
          9.536	  7.710
          9.540	  7.700
          9.544	  7.700
          9.548	  7.710
          9.552	  7.715
          9.556	  7.710
          9.560	  7.710
          9.564	  7.725
          9.568	  7.710
          9.572	  7.710
          9.576	  7.735
          9.580	  7.715
          9.584	  7.750
          9.588	  7.715
          9.592	  7.735
          9.596	  7.710
          9.600	  7.710
          9.604	  7.735
          9.608	  7.745
          9.612	  7.715
          9.616	  7.715
          9.620	  7.735
          9.624	  7.745
          9.628	  7.725
          9.632	  7.745
          9.636	  7.745
          9.640	  7.745
          9.644	  7.735
          9.648	  7.750
          9.652	  7.735
          9.656	  7.715
          9.660	  7.725
          9.664	  7.715
          9.668	  7.710
          9.672	  7.715
          9.676	  7.725
          9.680	  7.715
          9.684	  7.710
          9.688	  7.710
          9.692	  7.710
          9.696	  7.710
          9.700	  7.710
          9.704	  7.725
          9.708	  7.715
          9.712	  7.715
          9.716	  7.715
          9.720	  7.715
          9.724	  7.700
          9.728	  7.715
          9.732	  7.715
          9.736	  7.715
          9.740	  7.715
          9.744	  7.715
          9.748	  7.710
          9.752	  7.715
          9.756	  7.735
          9.760	  7.700
          9.764	  7.700
          9.768	  7.710
          9.772	  7.690
          9.776	  7.700
          9.780	  7.690
          9.784	  7.685
          9.788	  7.685
          9.792	  7.685
          9.796	  7.700
          9.800	  7.710
          9.804	  7.685
          9.808	  7.685
          9.812	  7.685
          9.816	  7.690
          9.820	  7.710
          9.824	  7.700
          9.828	  7.710
          9.832	  7.700
          9.836	  7.690
          9.840	  7.685
          9.844	  7.685
          9.848	  7.675
          9.852	  7.685
          9.856	  7.675
          9.860	  7.685
          9.864	  7.685
          9.868	  7.690
          9.872	  7.690
          9.876	  7.655
          9.880	  7.640
          9.884	  7.685
          9.888	  7.675
          9.892	  7.690
          9.896	  7.690
          9.900	  7.685
          9.904	  7.675
          9.908	  7.655
          9.912	  7.640
          9.916	  7.630
          9.920	  7.625
          9.924	  7.605
          9.928	  7.630
          9.932	  7.640
          9.936	  7.640
          9.940	  7.640
          9.944	  7.640
          9.948	  7.650
          9.952	  7.650
          9.956	  7.665
          9.960	  7.655
          9.964	  7.640
          9.968	  7.615
          9.972	  7.605
          9.976	  7.630
          9.980	  7.630
          9.984	  7.615
          9.988	  7.630
          9.992	  7.690
          9.996	  7.640
