          0.000	 -1.220
          0.004	 -1.220
          0.008	 -1.220
          0.012	 -1.210
          0.016	 -1.215
          0.020	 -1.205
          0.024	 -1.200
          0.028	 -1.195
          0.032	 -1.200
          0.036	 -1.190
          0.040	 -1.185
          0.044	 -1.195
          0.048	 -1.190
          0.052	 -1.185
          0.056	 -1.160
          0.060	 -1.180
          0.064	 -1.180
          0.068	 -1.180
          0.072	 -1.185
          0.076	 -1.185
          0.080	 -1.180
          0.084	 -1.180
          0.088	 -1.180
          0.092	 -1.180
          0.096	 -1.180
          0.100	 -1.180
          0.104	 -1.165
          0.108	 -1.165
          0.112	 -1.165
          0.116	 -1.165
          0.120	 -1.180
          0.124	 -1.175
          0.128	 -1.180
          0.132	 -1.180
          0.136	 -1.180
          0.140	 -1.170
          0.144	 -1.180
          0.148	 -1.175
          0.152	 -1.165
          0.156	 -1.165
          0.160	 -1.170
          0.164	 -1.155
          0.168	 -1.160
          0.172	 -1.165
          0.176	 -1.160
          0.180	 -1.170
          0.184	 -1.155
          0.188	 -1.165
          0.192	 -1.180
          0.196	 -1.180
          0.200	 -1.160
          0.204	 -1.165
          0.208	 -1.155
          0.212	 -1.160
          0.216	 -1.155
          0.220	 -1.165
          0.224	 -1.165
          0.228	 -1.150
          0.232	 -1.155
          0.236	 -1.165
          0.240	 -1.160
          0.244	 -1.165
          0.248	 -1.165
          0.252	 -1.180
          0.256	 -1.165
          0.260	 -1.160
          0.264	 -1.160
          0.268	 -1.155
          0.272	 -1.155
          0.276	 -1.155
          0.280	 -1.150
          0.284	 -1.150
          0.288	 -1.155
          0.292	 -1.150
          0.296	 -1.155
          0.300	 -1.155
          0.304	 -1.155
          0.308	 -1.160
          0.312	 -1.155
          0.316	 -1.155
          0.320	 -1.155
          0.324	 -1.155
          0.328	 -1.155
          0.332	 -1.155
          0.336	 -1.155
          0.340	 -1.155
          0.344	 -1.155
          0.348	 -1.155
          0.352	 -1.155
          0.356	 -1.155
          0.360	 -1.155
          0.364	 -1.155
          0.368	 -1.155
          0.372	 -1.155
          0.376	 -1.155
          0.380	 -1.155
          0.384	 -1.155
          0.388	 -1.155
          0.392	 -1.155
          0.396	 -1.150
          0.400	 -1.130
          0.404	 -1.150
          0.408	 -1.145
          0.412	 -1.150
          0.416	 -1.150
          0.420	 -1.145
          0.424	 -1.145
          0.428	 -1.150
          0.432	 -1.140
          0.436	 -1.145
          0.440	 -1.145
          0.444	 -1.145
          0.448	 -1.135
          0.452	 -1.135
          0.456	 -1.150
          0.460	 -1.145
          0.464	 -1.125
          0.468	 -1.130
          0.472	 -1.130
          0.476	 -1.125
          0.480	 -1.115
          0.484	 -1.110
          0.488	 -1.090
          0.492	 -1.090
          0.496	 -1.090
          0.500	 -1.090
          0.504	 -1.065
          0.508	 -1.055
          0.512	 -1.045
          0.516	 -1.050
          0.520	 -1.045
          0.524	 -1.050
          0.528	 -1.060
          0.532	 -1.080
          0.536	 -1.085
          0.540	 -1.090
          0.544	 -1.090
          0.548	 -1.110
          0.552	 -1.115
          0.556	 -1.145
          0.560	 -1.145
          0.564	 -1.150
          0.568	 -1.155
          0.572	 -1.160
          0.576	 -1.160
          0.580	 -1.165
          0.584	 -1.180
          0.588	 -1.165
          0.592	 -1.165
          0.596	 -1.165
          0.600	 -1.165
          0.604	 -1.165
          0.608	 -1.170
          0.612	 -1.170
          0.616	 -1.165
          0.620	 -1.175
          0.624	 -1.180
          0.628	 -1.175
          0.632	 -1.180
          0.636	 -1.230
          0.640	 -1.325
          0.644	 -1.390
          0.648	 -1.485
          0.652	 -1.525
          0.656	 -1.325
          0.660	 -1.055
          0.664	 -0.925
          0.668	 -0.820
          0.672	 -0.525
          0.676	 -0.450
          0.680	 -0.780
          0.684	 -1.095
          0.688	 -1.255
          0.692	 -1.305
          0.696	 -1.290
          0.700	 -1.255
          0.704	 -1.220
          0.708	 -1.190
          0.712	 -1.200
          0.716	 -1.220
          0.720	 -1.225
          0.724	 -1.220
          0.728	 -1.225
          0.732	 -1.225
          0.736	 -1.225
          0.740	 -1.225
          0.744	 -1.225
          0.748	 -1.225
          0.752	 -1.225
          0.756	 -1.225
          0.760	 -1.235
          0.764	 -1.240
          0.768	 -1.250
          0.772	 -1.250
          0.776	 -1.250
          0.780	 -1.255
          0.784	 -1.255
          0.788	 -1.255
          0.792	 -1.250
          0.796	 -1.255
          0.800	 -1.260
          0.804	 -1.260
          0.808	 -1.255
          0.812	 -1.260
          0.816	 -1.270
          0.820	 -1.270
          0.824	 -1.265
          0.828	 -1.270
          0.832	 -1.270
          0.836	 -1.270
          0.840	 -1.285
          0.844	 -1.285
          0.848	 -1.285
          0.852	 -1.285
          0.856	 -1.275
          0.860	 -1.285
          0.864	 -1.285
          0.868	 -1.285
          0.872	 -1.295
          0.876	 -1.280
          0.880	 -1.270
          0.884	 -1.270
          0.888	 -1.265
          0.892	 -1.260
          0.896	 -1.255
          0.900	 -1.250
          0.904	 -1.235
          0.908	 -1.235
          0.912	 -1.225
          0.916	 -1.215
          0.920	 -1.200
          0.924	 -1.195
          0.928	 -1.185
          0.932	 -1.180
          0.936	 -1.155
          0.940	 -1.160
          0.944	 -1.150
          0.948	 -1.150
          0.952	 -1.135
          0.956	 -1.135
          0.960	 -1.125
          0.964	 -1.130
          0.968	 -1.125
          0.972	 -1.125
          0.976	 -1.125
          0.980	 -1.125
          0.984	 -1.130
          0.988	 -1.140
          0.992	 -1.150
          0.996	 -1.150
          1.000	 -1.150
          1.004	 -1.155
          1.008	 -1.155
          1.012	 -1.160
          1.016	 -1.165
          1.020	 -1.175
          1.024	 -1.180
          1.028	 -1.180
          1.032	 -1.180
          1.036	 -1.175
          1.040	 -1.175
          1.044	 -1.155
          1.048	 -1.180
          1.052	 -1.180
          1.056	 -1.185
          1.060	 -1.185
          1.064	 -1.175
          1.068	 -1.180
          1.072	 -1.185
          1.076	 -1.185
          1.080	 -1.190
          1.084	 -1.185
          1.088	 -1.185
          1.092	 -1.180
          1.096	 -1.185
          1.100	 -1.185
          1.104	 -1.185
          1.108	 -1.165
          1.112	 -1.170
          1.116	 -1.170
          1.120	 -1.170
          1.124	 -1.180
          1.128	 -1.180
          1.132	 -1.165
          1.136	 -1.165
          1.140	 -1.165
          1.144	 -1.160
          1.148	 -1.165
          1.152	 -1.165
          1.156	 -1.155
          1.160	 -1.145
          1.164	 -1.150
          1.168	 -1.150
          1.172	 -1.145
          1.176	 -1.145
          1.180	 -1.150
          1.184	 -1.150
          1.188	 -1.150
          1.192	 -1.150
          1.196	 -1.145
          1.200	 -1.145
          1.204	 -1.145
          1.208	 -1.145
          1.212	 -1.140
          1.216	 -1.145
          1.220	 -1.145
          1.224	 -1.135
          1.228	 -1.130
          1.232	 -1.145
          1.236	 -1.145
          1.240	 -1.140
          1.244	 -1.140
          1.248	 -1.140
          1.252	 -1.145
          1.256	 -1.145
          1.260	 -1.145
          1.264	 -1.145
          1.268	 -1.145
          1.272	 -1.145
          1.276	 -1.145
          1.280	 -1.130
          1.284	 -1.145
          1.288	 -1.135
          1.292	 -1.145
          1.296	 -1.150
          1.300	 -1.145
          1.304	 -1.145
          1.308	 -1.150
          1.312	 -1.140
          1.316	 -1.140
          1.320	 -1.150
          1.324	 -1.150
          1.328	 -1.150
          1.332	 -1.145
          1.336	 -1.145
          1.340	 -1.150
          1.344	 -1.130
          1.348	 -1.145
          1.352	 -1.145
          1.356	 -1.145
          1.360	 -1.150
          1.364	 -1.155
          1.368	 -1.145
          1.372	 -1.145
          1.376	 -1.145
          1.380	 -1.140
          1.384	 -1.140
          1.388	 -1.140
          1.392	 -1.145
          1.396	 -1.140
          1.400	 -1.145
          1.404	 -1.150
          1.408	 -1.145
          1.412	 -1.145
          1.416	 -1.145
          1.420	 -1.150
          1.424	 -1.150
          1.428	 -1.150
          1.432	 -1.155
          1.436	 -1.145
          1.440	 -1.150
          1.444	 -1.140
          1.448	 -1.145
          1.452	 -1.140
          1.456	 -1.150
          1.460	 -1.155
          1.464	 -1.155
          1.468	 -1.155
          1.472	 -1.145
          1.476	 -1.145
          1.480	 -1.145
          1.484	 -1.150
          1.488	 -1.150
          1.492	 -1.150
          1.496	 -1.145
          1.500	 -1.150
          1.504	 -1.150
          1.508	 -1.145
          1.512	 -1.145
          1.516	 -1.135
          1.520	 -1.140
          1.524	 -1.145
          1.528	 -1.145
          1.532	 -1.145
          1.536	 -1.145
          1.540	 -1.145
          1.544	 -1.140
          1.548	 -1.140
          1.552	 -1.135
          1.556	 -1.145
          1.560	 -1.145
          1.564	 -1.150
          1.568	 -1.150
          1.572	 -1.150
          1.576	 -1.140
          1.580	 -1.135
          1.584	 -1.145
          1.588	 -1.150
          1.592	 -1.145
          1.596	 -1.160
          1.600	 -1.155
          1.604	 -1.150
          1.608	 -1.150
          1.612	 -1.140
          1.616	 -1.125
          1.620	 -1.120
          1.624	 -1.110
          1.628	 -1.115
          1.632	 -1.110
          1.636	 -1.095
          1.640	 -1.090
          1.644	 -1.070
          1.648	 -1.055
          1.652	 -1.050
          1.656	 -1.050
          1.660	 -1.055
          1.664	 -1.080
          1.668	 -1.090
          1.672	 -1.095
          1.676	 -1.095
          1.680	 -1.110
          1.684	 -1.115
          1.688	 -1.110
          1.692	 -1.145
          1.696	 -1.155
          1.700	 -1.155
          1.704	 -1.165
          1.708	 -1.165
          1.712	 -1.165
          1.716	 -1.165
          1.720	 -1.170
          1.724	 -1.180
          1.728	 -1.185
          1.732	 -1.190
          1.736	 -1.190
          1.740	 -1.195
          1.744	 -1.195
          1.748	 -1.195
          1.752	 -1.165
          1.756	 -1.185
          1.760	 -1.190
          1.764	 -1.195
          1.768	 -1.190
          1.772	 -1.220
          1.776	 -1.305
          1.780	 -1.365
          1.784	 -1.440
          1.788	 -1.540
          1.792	 -1.525
          1.796	 -1.285
          1.800	 -1.020
          1.804	 -0.920
          1.808	 -0.780
          1.812	 -0.470
          1.816	 -0.480
          1.820	 -0.830
          1.824	 -1.170
          1.828	 -1.325
          1.832	 -1.345
          1.836	 -1.325
          1.840	 -1.305
          1.844	 -1.270
          1.848	 -1.250
          1.852	 -1.250
          1.856	 -1.255
          1.860	 -1.260
          1.864	 -1.260
          1.868	 -1.260
          1.872	 -1.270
          1.876	 -1.270
          1.880	 -1.285
          1.884	 -1.270
          1.888	 -1.280
          1.892	 -1.285
          1.896	 -1.280
          1.900	 -1.280
          1.904	 -1.280
          1.908	 -1.290
          1.912	 -1.285
          1.916	 -1.285
          1.920	 -1.285
          1.924	 -1.310
          1.928	 -1.290
          1.932	 -1.300
          1.936	 -1.295
          1.940	 -1.295
          1.944	 -1.310
          1.948	 -1.305
          1.952	 -1.305
          1.956	 -1.305
          1.960	 -1.315
          1.964	 -1.310
          1.968	 -1.325
          1.972	 -1.325
          1.976	 -1.315
          1.980	 -1.325
          1.984	 -1.325
          1.988	 -1.335
          1.992	 -1.325
          1.996	 -1.325
          2.000	 -1.330
          2.004	 -1.325
          2.008	 -1.320
          2.012	 -1.325
          2.016	 -1.325
          2.020	 -1.325
          2.024	 -1.330
          2.028	 -1.325
          2.032	 -1.320
          2.036	 -1.300
          2.040	 -1.290
          2.044	 -1.295
          2.048	 -1.285
          2.052	 -1.290
          2.056	 -1.270
          2.060	 -1.255
          2.064	 -1.255
          2.068	 -1.255
          2.072	 -1.230
          2.076	 -1.220
          2.080	 -1.215
          2.084	 -1.190
          2.088	 -1.195
          2.092	 -1.185
          2.096	 -1.175
          2.100	 -1.180
          2.104	 -1.180
          2.108	 -1.190
          2.112	 -1.195
          2.116	 -1.195
          2.120	 -1.200
          2.124	 -1.195
          2.128	 -1.200
          2.132	 -1.205
          2.136	 -1.225
          2.140	 -1.210
          2.144	 -1.220
          2.148	 -1.220
          2.152	 -1.225
          2.156	 -1.225
          2.160	 -1.215
          2.164	 -1.225
          2.168	 -1.225
          2.172	 -1.235
          2.176	 -1.245
          2.180	 -1.250
          2.184	 -1.250
          2.188	 -1.250
          2.192	 -1.250
          2.196	 -1.255
          2.200	 -1.250
          2.204	 -1.255
          2.208	 -1.255
          2.212	 -1.260
          2.216	 -1.255
          2.220	 -1.255
          2.224	 -1.235
          2.228	 -1.255
          2.232	 -1.250
          2.236	 -1.245
          2.240	 -1.250
          2.244	 -1.250
          2.248	 -1.250
          2.252	 -1.250
          2.256	 -1.250
          2.260	 -1.250
          2.264	 -1.250
          2.268	 -1.245
          2.272	 -1.235
          2.276	 -1.235
          2.280	 -1.235
          2.284	 -1.235
          2.288	 -1.240
          2.292	 -1.250
          2.296	 -1.250
          2.300	 -1.250
          2.304	 -1.245
          2.308	 -1.240
          2.312	 -1.235
          2.316	 -1.230
          2.320	 -1.225
          2.324	 -1.235
          2.328	 -1.235
          2.332	 -1.220
          2.336	 -1.235
          2.340	 -1.225
          2.344	 -1.225
          2.348	 -1.225
          2.352	 -1.225
          2.356	 -1.235
          2.360	 -1.250
          2.364	 -1.240
          2.368	 -1.240
          2.372	 -1.250
          2.376	 -1.245
          2.380	 -1.240
          2.384	 -1.250
          2.388	 -1.250
          2.392	 -1.250
          2.396	 -1.225
          2.400	 -1.250
          2.404	 -1.250
          2.408	 -1.245
          2.412	 -1.250
          2.416	 -1.250
          2.420	 -1.250
          2.424	 -1.250
          2.428	 -1.240
          2.432	 -1.250
          2.436	 -1.255
          2.440	 -1.245
          2.444	 -1.250
          2.448	 -1.250
          2.452	 -1.250
          2.456	 -1.245
          2.460	 -1.250
          2.464	 -1.255
          2.468	 -1.250
          2.472	 -1.250
          2.476	 -1.255
          2.480	 -1.260
          2.484	 -1.260
          2.488	 -1.260
          2.492	 -1.260
          2.496	 -1.255
          2.500	 -1.260
          2.504	 -1.255
          2.508	 -1.255
          2.512	 -1.255
          2.516	 -1.255
          2.520	 -1.255
          2.524	 -1.255
          2.528	 -1.255
          2.532	 -1.255
          2.536	 -1.255
          2.540	 -1.255
          2.544	 -1.250
          2.548	 -1.255
          2.552	 -1.250
          2.556	 -1.255
          2.560	 -1.255
          2.564	 -1.250
          2.568	 -1.235
          2.572	 -1.260
          2.576	 -1.255
          2.580	 -1.255
          2.584	 -1.250
          2.588	 -1.255
          2.592	 -1.255
          2.596	 -1.255
          2.600	 -1.255
          2.604	 -1.255
          2.608	 -1.255
          2.612	 -1.250
          2.616	 -1.250
          2.620	 -1.250
          2.624	 -1.250
          2.628	 -1.255
          2.632	 -1.245
          2.636	 -1.250
          2.640	 -1.255
          2.644	 -1.255
          2.648	 -1.250
          2.652	 -1.255
          2.656	 -1.250
          2.660	 -1.250
          2.664	 -1.250
          2.668	 -1.265
          2.672	 -1.260
          2.676	 -1.255
          2.680	 -1.255
          2.684	 -1.255
          2.688	 -1.255
          2.692	 -1.255
          2.696	 -1.255
          2.700	 -1.250
          2.704	 -1.225
          2.708	 -1.225
          2.712	 -1.220
          2.716	 -1.210
          2.720	 -1.200
          2.724	 -1.190
          2.728	 -1.195
          2.732	 -1.190
          2.736	 -1.175
          2.740	 -1.150
          2.744	 -1.155
          2.748	 -1.155
          2.752	 -1.155
          2.756	 -1.185
          2.760	 -1.200
          2.764	 -1.205
          2.768	 -1.200
          2.772	 -1.200
          2.776	 -1.225
          2.780	 -1.250
          2.784	 -1.235
          2.788	 -1.260
          2.792	 -1.265
          2.796	 -1.275
          2.800	 -1.270
          2.804	 -1.290
          2.808	 -1.285
          2.812	 -1.290
          2.816	 -1.285
          2.820	 -1.285
          2.824	 -1.290
          2.828	 -1.290
          2.832	 -1.290
          2.836	 -1.290
          2.840	 -1.290
          2.844	 -1.290
          2.848	 -1.295
          2.852	 -1.290
          2.856	 -1.285
          2.860	 -1.305
          2.864	 -1.375
          2.868	 -1.440
          2.872	 -1.470
          2.876	 -1.540
          2.880	 -1.565
          2.884	 -1.390
          2.888	 -1.125
          2.892	 -0.990
          2.896	 -0.855
          2.900	 -0.580
          2.904	 -0.590
          2.908	 -0.950
          2.912	 -1.275
          2.916	 -1.410
          2.920	 -1.455
          2.924	 -1.440
          2.928	 -1.400
          2.932	 -1.355
          2.936	 -1.325
          2.940	 -1.320
          2.944	 -1.325
          2.948	 -1.330
          2.952	 -1.330
          2.956	 -1.335
          2.960	 -1.335
          2.964	 -1.330
          2.968	 -1.325
          2.972	 -1.325
          2.976	 -1.355
          2.980	 -1.340
          2.984	 -1.340
          2.988	 -1.345
          2.992	 -1.340
          2.996	 -1.335
          3.000	 -1.335
          3.004	 -1.345
          3.008	 -1.350
          3.012	 -1.355
          3.016	 -1.345
          3.020	 -1.355
          3.024	 -1.355
          3.028	 -1.355
          3.032	 -1.345
          3.036	 -1.355
          3.040	 -1.365
          3.044	 -1.355
          3.048	 -1.355
          3.052	 -1.355
          3.056	 -1.355
          3.060	 -1.355
          3.064	 -1.355
          3.068	 -1.355
          3.072	 -1.355
          3.076	 -1.370
          3.080	 -1.360
          3.084	 -1.365
          3.088	 -1.365
          3.092	 -1.365
          3.096	 -1.355
          3.100	 -1.355
          3.104	 -1.370
          3.108	 -1.355
          3.112	 -1.355
          3.116	 -1.345
          3.120	 -1.350
          3.124	 -1.345
          3.128	 -1.335
          3.132	 -1.335
          3.136	 -1.330
          3.140	 -1.320
          3.144	 -1.295
          3.148	 -1.295
          3.152	 -1.285
          3.156	 -1.270
          3.160	 -1.260
          3.164	 -1.255
          3.168	 -1.250
          3.172	 -1.235
          3.176	 -1.225
          3.180	 -1.220
          3.184	 -1.225
          3.188	 -1.225
          3.192	 -1.220
          3.196	 -1.225
          3.200	 -1.220
          3.204	 -1.215
          3.208	 -1.210
          3.212	 -1.195
          3.216	 -1.220
          3.220	 -1.225
          3.224	 -1.225
          3.228	 -1.225
          3.232	 -1.225
          3.236	 -1.240
          3.240	 -1.245
          3.244	 -1.245
          3.248	 -1.250
          3.252	 -1.250
          3.256	 -1.240
          3.260	 -1.245
          3.264	 -1.245
          3.268	 -1.250
          3.272	 -1.250
          3.276	 -1.235
          3.280	 -1.255
          3.284	 -1.255
          3.288	 -1.250
          3.292	 -1.250
          3.296	 -1.245
          3.300	 -1.250
          3.304	 -1.255
          3.308	 -1.255
          3.312	 -1.250
          3.316	 -1.255
          3.320	 -1.250
          3.324	 -1.250
          3.328	 -1.245
          3.332	 -1.250
          3.336	 -1.250
          3.340	 -1.245
          3.344	 -1.255
          3.348	 -1.255
          3.352	 -1.250
          3.356	 -1.250
          3.360	 -1.250
          3.364	 -1.235
          3.368	 -1.235
          3.372	 -1.220
          3.376	 -1.225
          3.380	 -1.225
          3.384	 -1.215
          3.388	 -1.220
          3.392	 -1.210
          3.396	 -1.220
          3.400	 -1.210
          3.404	 -1.210
          3.408	 -1.220
          3.412	 -1.220
          3.416	 -1.210
          3.420	 -1.220
          3.424	 -1.220
          3.428	 -1.200
          3.432	 -1.215
          3.436	 -1.215
          3.440	 -1.215
          3.444	 -1.215
          3.448	 -1.195
          3.452	 -1.210
          3.456	 -1.215
          3.460	 -1.215
          3.464	 -1.210
          3.468	 -1.205
          3.472	 -1.210
          3.476	 -1.210
          3.480	 -1.200
          3.484	 -1.200
          3.488	 -1.205
          3.492	 -1.200
          3.496	 -1.200
          3.500	 -1.195
          3.504	 -1.200
          3.508	 -1.205
          3.512	 -1.195
          3.516	 -1.200
          3.520	 -1.195
          3.524	 -1.200
          3.528	 -1.195
          3.532	 -1.195
          3.536	 -1.195
          3.540	 -1.190
          3.544	 -1.195
          3.548	 -1.195
          3.552	 -1.195
          3.556	 -1.200
          3.560	 -1.195
          3.564	 -1.195
          3.568	 -1.195
          3.572	 -1.190
          3.576	 -1.190
          3.580	 -1.185
          3.584	 -1.185
          3.588	 -1.190
          3.592	 -1.190
          3.596	 -1.185
          3.600	 -1.175
          3.604	 -1.180
          3.608	 -1.175
          3.612	 -1.180
          3.616	 -1.180
          3.620	 -1.165
          3.624	 -1.180
          3.628	 -1.185
          3.632	 -1.185
          3.636	 -1.185
          3.640	 -1.185
          3.644	 -1.185
          3.648	 -1.185
          3.652	 -1.185
          3.656	 -1.180
          3.660	 -1.190
          3.664	 -1.180
          3.668	 -1.185
          3.672	 -1.190
          3.676	 -1.190
          3.680	 -1.185
          3.684	 -1.160
          3.688	 -1.175
          3.692	 -1.185
          3.696	 -1.180
          3.700	 -1.185
          3.704	 -1.185
          3.708	 -1.175
          3.712	 -1.170
          3.716	 -1.175
          3.720	 -1.180
          3.724	 -1.180
          3.728	 -1.180
          3.732	 -1.175
          3.736	 -1.180
          3.740	 -1.175
          3.744	 -1.180
          3.748	 -1.180
          3.752	 -1.175
          3.756	 -1.180
          3.760	 -1.185
          3.764	 -1.180
          3.768	 -1.185
          3.772	 -1.190
          3.776	 -1.185
          3.780	 -1.185
          3.784	 -1.190
          3.788	 -1.195
          3.792	 -1.190
          3.796	 -1.185
          3.800	 -1.190
          3.804	 -1.185
          3.808	 -1.180
          3.812	 -1.155
          3.816	 -1.150
          3.820	 -1.140
          3.824	 -1.130
          3.828	 -1.125
          3.832	 -1.130
          3.836	 -1.125
          3.840	 -1.120
          3.844	 -1.095
          3.848	 -1.085
          3.852	 -1.090
          3.856	 -1.075
          3.860	 -1.095
          3.864	 -1.115
          3.868	 -1.130
          3.872	 -1.130
          3.876	 -1.130
          3.880	 -1.145
          3.884	 -1.160
          3.888	 -1.180
          3.892	 -1.185
          3.896	 -1.195
          3.900	 -1.185
          3.904	 -1.190
          3.908	 -1.185
          3.912	 -1.190
          3.916	 -1.195
          3.920	 -1.180
          3.924	 -1.200
          3.928	 -1.195
          3.932	 -1.195
          3.936	 -1.200
          3.940	 -1.215
          3.944	 -1.210
          3.948	 -1.205
          3.952	 -1.200
          3.956	 -1.210
          3.960	 -1.205
          3.964	 -1.205
          3.968	 -1.255
          3.972	 -1.335
          3.976	 -1.390
          3.980	 -1.465
          3.984	 -1.525
          3.988	 -1.355
          3.992	 -1.060
          3.996	 -0.935
          4.000	 -0.885
          4.004	 -0.625
          4.008	 -0.455
          4.012	 -0.710
          4.016	 -1.090
          4.020	 -1.295
          4.024	 -1.355
          4.028	 -1.355
          4.032	 -1.315
          4.036	 -1.270
          4.040	 -1.230
          4.044	 -1.235
          4.048	 -1.235
          4.052	 -1.235
          4.056	 -1.255
          4.060	 -1.255
          4.064	 -1.255
          4.068	 -1.255
          4.072	 -1.245
          4.076	 -1.255
          4.080	 -1.255
          4.084	 -1.255
          4.088	 -1.255
          4.092	 -1.235
          4.096	 -1.255
          4.100	 -1.260
          4.104	 -1.260
          4.108	 -1.270
          4.112	 -1.270
          4.116	 -1.270
          4.120	 -1.270
          4.124	 -1.270
          4.128	 -1.280
          4.132	 -1.270
          4.136	 -1.280
          4.140	 -1.280
          4.144	 -1.285
          4.148	 -1.285
          4.152	 -1.290
          4.156	 -1.315
          4.160	 -1.290
          4.164	 -1.295
          4.168	 -1.290
          4.172	 -1.295
          4.176	 -1.295
          4.180	 -1.295
          4.184	 -1.290
          4.188	 -1.295
          4.192	 -1.290
          4.196	 -1.290
          4.200	 -1.290
          4.204	 -1.295
          4.208	 -1.295
          4.212	 -1.290
          4.216	 -1.285
          4.220	 -1.285
          4.224	 -1.285
          4.228	 -1.270
          4.232	 -1.255
          4.236	 -1.260
          4.240	 -1.255
          4.244	 -1.240
          4.248	 -1.230
          4.252	 -1.225
          4.256	 -1.215
          4.260	 -1.215
          4.264	 -1.190
          4.268	 -1.185
          4.272	 -1.165
          4.276	 -1.155
          4.280	 -1.150
          4.284	 -1.150
          4.288	 -1.145
          4.292	 -1.150
          4.296	 -1.150
          4.300	 -1.150
          4.304	 -1.155
          4.308	 -1.155
          4.312	 -1.155
          4.316	 -1.160
          4.320	 -1.155
          4.324	 -1.160
          4.328	 -1.155
          4.332	 -1.170
          4.336	 -1.180
          4.340	 -1.175
          4.344	 -1.185
          4.348	 -1.185
          4.352	 -1.180
          4.356	 -1.180
          4.360	 -1.180
          4.364	 -1.185
          4.368	 -1.190
          4.372	 -1.185
          4.376	 -1.175
          4.380	 -1.180
          4.384	 -1.190
          4.388	 -1.200
          4.392	 -1.190
          4.396	 -1.190
          4.400	 -1.185
          4.404	 -1.190
          4.408	 -1.200
          4.412	 -1.190
          4.416	 -1.190
          4.420	 -1.195
          4.424	 -1.180
          4.428	 -1.185
          4.432	 -1.185
          4.436	 -1.180
          4.440	 -1.180
          4.444	 -1.170
          4.448	 -1.170
          4.452	 -1.160
          4.456	 -1.155
          4.460	 -1.155
          4.464	 -1.155
          4.468	 -1.155
          4.472	 -1.155
          4.476	 -1.160
          4.480	 -1.150
          4.484	 -1.150
          4.488	 -1.145
          4.492	 -1.150
          4.496	 -1.145
          4.500	 -1.125
          4.504	 -1.140
          4.508	 -1.150
          4.512	 -1.150
          4.516	 -1.150
          4.520	 -1.145
          4.524	 -1.140
          4.528	 -1.150
          4.532	 -1.145
          4.536	 -1.150
          4.540	 -1.150
          4.544	 -1.135
          4.548	 -1.145
          4.552	 -1.145
          4.556	 -1.145
          4.560	 -1.150
          4.564	 -1.135
          4.568	 -1.145
          4.572	 -1.150
          4.576	 -1.150
          4.580	 -1.145
          4.584	 -1.145
          4.588	 -1.155
          4.592	 -1.150
          4.596	 -1.145
          4.600	 -1.145
          4.604	 -1.150
          4.608	 -1.155
          4.612	 -1.150
          4.616	 -1.145
          4.620	 -1.150
          4.624	 -1.155
          4.628	 -1.150
          4.632	 -1.150
          4.636	 -1.155
          4.640	 -1.155
          4.644	 -1.155
          4.648	 -1.150
          4.652	 -1.150
          4.656	 -1.155
          4.660	 -1.155
          4.664	 -1.155
          4.668	 -1.160
          4.672	 -1.145
          4.676	 -1.155
          4.680	 -1.145
          4.684	 -1.140
          4.688	 -1.145
          4.692	 -1.140
          4.696	 -1.145
          4.700	 -1.135
          4.704	 -1.145
          4.708	 -1.145
          4.712	 -1.150
          4.716	 -1.140
          4.720	 -1.140
          4.724	 -1.130
          4.728	 -1.135
          4.732	 -1.155
          4.736	 -1.145
          4.740	 -1.150
          4.744	 -1.140
          4.748	 -1.145
          4.752	 -1.140
          4.756	 -1.145
          4.760	 -1.140
          4.764	 -1.140
          4.768	 -1.145
          4.772	 -1.145
          4.776	 -1.135
          4.780	 -1.130
          4.784	 -1.130
          4.788	 -1.145
          4.792	 -1.145
          4.796	 -1.135
          4.800	 -1.130
          4.804	 -1.135
          4.808	 -1.130
          4.812	 -1.125
          4.816	 -1.130
          4.820	 -1.130
          4.824	 -1.125
          4.828	 -1.130
          4.832	 -1.130
          4.836	 -1.130
          4.840	 -1.125
          4.844	 -1.130
          4.848	 -1.130
          4.852	 -1.130
          4.856	 -1.125
          4.860	 -1.125
          4.864	 -1.125
          4.868	 -1.130
          4.872	 -1.120
          4.876	 -1.125
          4.880	 -1.125
          4.884	 -1.130
          4.888	 -1.120
          4.892	 -1.120
          4.896	 -1.120
          4.900	 -1.125
          4.904	 -1.120
          4.908	 -1.110
          4.912	 -1.125
          4.916	 -1.125
          4.920	 -1.140
          4.924	 -1.130
          4.928	 -1.130
          4.932	 -1.130
          4.936	 -1.125
          4.940	 -1.125
          4.944	 -1.115
          4.948	 -1.095
          4.952	 -1.085
          4.956	 -1.075
          4.960	 -1.080
          4.964	 -1.075
          4.968	 -1.075
          4.972	 -1.050
          4.976	 -1.045
          4.980	 -1.025
          4.984	 -1.025
          4.988	 -1.040
          4.992	 -1.040
          4.996	 -1.045
          5.000	 -1.060
          5.004	 -1.075
          5.008	 -1.070
          5.012	 -1.075
          5.016	 -1.075
          5.020	 -1.090
          5.024	 -1.115
          5.028	 -1.125
          5.032	 -1.120
          5.036	 -1.130
          5.040	 -1.130
          5.044	 -1.130
          5.048	 -1.145
          5.052	 -1.145
          5.056	 -1.150
          5.060	 -1.155
          5.064	 -1.155
          5.068	 -1.155
          5.072	 -1.165
          5.076	 -1.155
          5.080	 -1.155
          5.084	 -1.155
          5.088	 -1.150
          5.092	 -1.155
          5.096	 -1.155
          5.100	 -1.155
          5.104	 -1.220
          5.108	 -1.315
          5.112	 -1.370
          5.116	 -1.465
          5.120	 -1.540
          5.124	 -1.380
          5.128	 -1.090
          5.132	 -0.940
          5.136	 -0.825
          5.140	 -0.530
          5.144	 -0.425
          5.148	 -0.750
          5.152	 -1.095
          5.156	 -1.255
          5.160	 -1.315
          5.164	 -1.295
          5.168	 -1.270
          5.172	 -1.225
          5.176	 -1.210
          5.180	 -1.195
          5.184	 -1.215
          5.188	 -1.215
          5.192	 -1.225
          5.196	 -1.235
          5.200	 -1.230
          5.204	 -1.225
          5.208	 -1.220
          5.212	 -1.225
          5.216	 -1.225
          5.220	 -1.225
          5.224	 -1.230
          5.228	 -1.235
          5.232	 -1.240
          5.236	 -1.235
          5.240	 -1.250
          5.244	 -1.255
          5.248	 -1.255
          5.252	 -1.255
          5.256	 -1.250
          5.260	 -1.255
          5.264	 -1.255
          5.268	 -1.255
          5.272	 -1.265
          5.276	 -1.270
          5.280	 -1.270
          5.284	 -1.270
          5.288	 -1.285
          5.292	 -1.280
          5.296	 -1.285
          5.300	 -1.285
          5.304	 -1.285
          5.308	 -1.280
          5.312	 -1.275
          5.316	 -1.295
          5.320	 -1.285
          5.324	 -1.285
          5.328	 -1.285
          5.332	 -1.285
          5.336	 -1.280
          5.340	 -1.285
          5.344	 -1.270
          5.348	 -1.270
          5.352	 -1.280
          5.356	 -1.260
          5.360	 -1.260
          5.364	 -1.255
          5.368	 -1.250
          5.372	 -1.245
          5.376	 -1.235
          5.380	 -1.215
          5.384	 -1.215
          5.388	 -1.205
          5.392	 -1.190
          5.396	 -1.180
          5.400	 -1.170
          5.404	 -1.160
          5.408	 -1.155
          5.412	 -1.145
          5.416	 -1.140
          5.420	 -1.125
          5.424	 -1.125
          5.428	 -1.125
          5.432	 -1.120
          5.436	 -1.115
          5.440	 -1.125
          5.444	 -1.115
          5.448	 -1.125
          5.452	 -1.130
          5.456	 -1.135
          5.460	 -1.140
          5.464	 -1.145
          5.468	 -1.160
          5.472	 -1.155
          5.476	 -1.155
          5.480	 -1.160
          5.484	 -1.170
          5.488	 -1.170
          5.492	 -1.165
          5.496	 -1.160
          5.500	 -1.165
          5.504	 -1.165
          5.508	 -1.155
          5.512	 -1.165
          5.516	 -1.180
          5.520	 -1.180
          5.524	 -1.180
          5.528	 -1.175
          5.532	 -1.180
          5.536	 -1.180
          5.540	 -1.180
          5.544	 -1.180
          5.548	 -1.185
          5.552	 -1.155
          5.556	 -1.180
          5.560	 -1.180
          5.564	 -1.185
          5.568	 -1.190
          5.572	 -1.180
          5.576	 -1.185
          5.580	 -1.180
          5.584	 -1.180
          5.588	 -1.180
          5.592	 -1.180
          5.596	 -1.185
          5.600	 -1.185
          5.604	 -1.180
          5.608	 -1.165
          5.612	 -1.175
          5.616	 -1.155
          5.620	 -1.180
          5.624	 -1.170
          5.628	 -1.170
          5.632	 -1.160
          5.636	 -1.165
          5.640	 -1.160
          5.644	 -1.170
          5.648	 -1.165
          5.652	 -1.170
          5.656	 -1.160
          5.660	 -1.165
          5.664	 -1.155
          5.668	 -1.155
          5.672	 -1.160
          5.676	 -1.160
          5.680	 -1.165
          5.684	 -1.160
          5.688	 -1.160
          5.692	 -1.165
          5.696	 -1.165
          5.700	 -1.155
          5.704	 -1.155
          5.708	 -1.160
          5.712	 -1.165
          5.716	 -1.160
          5.720	 -1.155
          5.724	 -1.160
          5.728	 -1.165
          5.732	 -1.170
          5.736	 -1.170
          5.740	 -1.170
          5.744	 -1.155
          5.748	 -1.165
          5.752	 -1.160
          5.756	 -1.165
          5.760	 -1.160
          5.764	 -1.155
          5.768	 -1.145
          5.772	 -1.160
          5.776	 -1.170
          5.780	 -1.170
          5.784	 -1.180
          5.788	 -1.160
          5.792	 -1.180
          5.796	 -1.180
          5.800	 -1.175
          5.804	 -1.170
          5.808	 -1.180
          5.812	 -1.185
          5.816	 -1.175
          5.820	 -1.185
          5.824	 -1.190
          5.828	 -1.180
          5.832	 -1.180
          5.836	 -1.175
          5.840	 -1.180
          5.844	 -1.180
          5.848	 -1.185
          5.852	 -1.165
          5.856	 -1.180
          5.860	 -1.180
          5.864	 -1.190
          5.868	 -1.185
          5.872	 -1.195
          5.876	 -1.185
          5.880	 -1.180
          5.884	 -1.180
          5.888	 -1.185
          5.892	 -1.185
          5.896	 -1.185
          5.900	 -1.185
          5.904	 -1.180
          5.908	 -1.180
          5.912	 -1.170
          5.916	 -1.175
          5.920	 -1.185
          5.924	 -1.180
          5.928	 -1.180
          5.932	 -1.185
          5.936	 -1.190
          5.940	 -1.190
          5.944	 -1.190
          5.948	 -1.190
          5.952	 -1.185
          5.956	 -1.195
          5.960	 -1.180
          5.964	 -1.185
          5.968	 -1.185
          5.972	 -1.185
          5.976	 -1.180
          5.980	 -1.180
          5.984	 -1.195
          5.988	 -1.190
          5.992	 -1.195
          5.996	 -1.195
          6.000	 -1.195
          6.004	 -1.190
          6.008	 -1.180
          6.012	 -1.180
          6.016	 -1.195
          6.020	 -1.190
          6.024	 -1.180
          6.028	 -1.190
          6.032	 -1.190
          6.036	 -1.185
          6.040	 -1.185
          6.044	 -1.185
          6.048	 -1.185
          6.052	 -1.185
          6.056	 -1.175
          6.060	 -1.180
          6.064	 -1.155
          6.068	 -1.155
          6.072	 -1.145
          6.076	 -1.135
          6.080	 -1.130
          6.084	 -1.145
          6.088	 -1.110
          6.092	 -1.100
          6.096	 -1.090
          6.100	 -1.095
          6.104	 -1.100
          6.108	 -1.115
          6.112	 -1.135
          6.116	 -1.145
          6.120	 -1.130
          6.124	 -1.150
          6.128	 -1.155
          6.132	 -1.170
          6.136	 -1.180
          6.140	 -1.195
          6.144	 -1.215
          6.148	 -1.215
          6.152	 -1.210
          6.156	 -1.220
          6.160	 -1.225
          6.164	 -1.225
          6.168	 -1.225
          6.172	 -1.235
          6.176	 -1.250
          6.180	 -1.255
          6.184	 -1.255
          6.188	 -1.250
          6.192	 -1.255
          6.196	 -1.235
          6.200	 -1.250
          6.204	 -1.255
          6.208	 -1.250
          6.212	 -1.260
          6.216	 -1.255
          6.220	 -1.345
          6.224	 -1.420
          6.228	 -1.490
          6.232	 -1.580
          6.236	 -1.590
          6.240	 -1.375
          6.244	 -1.090
          6.248	 -0.965
          6.252	 -0.835
          6.256	 -0.555
          6.260	 -0.485
          6.264	 -0.830
          6.268	 -1.215
          6.272	 -1.385
          6.276	 -1.425
          6.280	 -1.400
          6.284	 -1.375
          6.288	 -1.330
          6.292	 -1.305
          6.296	 -1.300
          6.300	 -1.305
          6.304	 -1.325
          6.308	 -1.330
          6.312	 -1.330
          6.316	 -1.330
          6.320	 -1.325
          6.324	 -1.330
          6.328	 -1.335
          6.332	 -1.335
          6.336	 -1.335
          6.340	 -1.325
          6.344	 -1.320
          6.348	 -1.330
          6.352	 -1.335
          6.356	 -1.335
          6.360	 -1.335
          6.364	 -1.340
          6.368	 -1.355
          6.372	 -1.355
          6.376	 -1.350
          6.380	 -1.350
          6.384	 -1.350
          6.388	 -1.355
          6.392	 -1.345
          6.396	 -1.355
          6.400	 -1.360
          6.404	 -1.360
          6.408	 -1.360
          6.412	 -1.370
          6.416	 -1.360
          6.420	 -1.375
          6.424	 -1.370
          6.428	 -1.370
          6.432	 -1.390
          6.436	 -1.370
          6.440	 -1.355
          6.444	 -1.360
          6.448	 -1.365
          6.452	 -1.370
          6.456	 -1.355
          6.460	 -1.355
          6.464	 -1.365
          6.468	 -1.355
          6.472	 -1.350
          6.476	 -1.340
          6.480	 -1.340
          6.484	 -1.335
          6.488	 -1.325
          6.492	 -1.315
          6.496	 -1.315
          6.500	 -1.290
          6.504	 -1.275
          6.508	 -1.270
          6.512	 -1.260
          6.516	 -1.255
          6.520	 -1.240
          6.524	 -1.235
          6.528	 -1.225
          6.532	 -1.215
          6.536	 -1.210
          6.540	 -1.200
          6.544	 -1.200
          6.548	 -1.210
          6.552	 -1.215
          6.556	 -1.215
          6.560	 -1.215
          6.564	 -1.220
          6.568	 -1.225
          6.572	 -1.235
          6.576	 -1.245
          6.580	 -1.250
          6.584	 -1.240
          6.588	 -1.250
          6.592	 -1.255
          6.596	 -1.260
          6.600	 -1.265
          6.604	 -1.290
          6.608	 -1.270
          6.612	 -1.270
          6.616	 -1.270
          6.620	 -1.280
          6.624	 -1.285
          6.628	 -1.285
          6.632	 -1.280
          6.636	 -1.285
          6.640	 -1.290
          6.644	 -1.285
          6.648	 -1.290
          6.652	 -1.290
          6.656	 -1.290
          6.660	 -1.290
          6.664	 -1.285
          6.668	 -1.305
          6.672	 -1.290
          6.676	 -1.290
          6.680	 -1.280
          6.684	 -1.285
          6.688	 -1.290
          6.692	 -1.295
          6.696	 -1.295
          6.700	 -1.295
          6.704	 -1.295
          6.708	 -1.285
          6.712	 -1.285
          6.716	 -1.290
          6.720	 -1.280
          6.724	 -1.285
          6.728	 -1.280
          6.732	 -1.290
          6.736	 -1.285
          6.740	 -1.280
          6.744	 -1.275
          6.748	 -1.275
          6.752	 -1.280
          6.756	 -1.270
          6.760	 -1.265
          6.764	 -1.270
          6.768	 -1.270
          6.772	 -1.260
          6.776	 -1.260
          6.780	 -1.260
          6.784	 -1.260
          6.788	 -1.260
          6.792	 -1.260
          6.796	 -1.270
          6.800	 -1.260
          6.804	 -1.260
          6.808	 -1.260
          6.812	 -1.270
          6.816	 -1.265
          6.820	 -1.265
          6.824	 -1.255
          6.828	 -1.255
          6.832	 -1.260
          6.836	 -1.260
          6.840	 -1.285
          6.844	 -1.255
          6.848	 -1.260
          6.852	 -1.265
          6.856	 -1.265
          6.860	 -1.255
          6.864	 -1.260
          6.868	 -1.260
          6.872	 -1.250
          6.876	 -1.255
          6.880	 -1.260
          6.884	 -1.255
          6.888	 -1.255
          6.892	 -1.260
          6.896	 -1.260
          6.900	 -1.260
          6.904	 -1.275
          6.908	 -1.260
          6.912	 -1.260
          6.916	 -1.260
          6.920	 -1.260
          6.924	 -1.255
          6.928	 -1.255
          6.932	 -1.255
          6.936	 -1.250
          6.940	 -1.255
          6.944	 -1.255
          6.948	 -1.245
          6.952	 -1.255
          6.956	 -1.250
          6.960	 -1.255
          6.964	 -1.255
          6.968	 -1.250
          6.972	 -1.260
          6.976	 -1.270
          6.980	 -1.270
          6.984	 -1.265
          6.988	 -1.260
          6.992	 -1.270
          6.996	 -1.275
          7.000	 -1.260
          7.004	 -1.260
          7.008	 -1.260
          7.012	 -1.285
          7.016	 -1.260
          7.020	 -1.270
          7.024	 -1.265
          7.028	 -1.265
          7.032	 -1.265
          7.036	 -1.270
          7.040	 -1.285
          7.044	 -1.285
          7.048	 -1.270
          7.052	 -1.260
          7.056	 -1.265
          7.060	 -1.275
          7.064	 -1.275
          7.068	 -1.280
          7.072	 -1.270
          7.076	 -1.295
          7.080	 -1.285
          7.084	 -1.270
          7.088	 -1.260
          7.092	 -1.260
          7.096	 -1.265
          7.100	 -1.270
          7.104	 -1.270
          7.108	 -1.285
          7.112	 -1.275
          7.116	 -1.270
          7.120	 -1.270
          7.124	 -1.270
          7.128	 -1.260
          7.132	 -1.260
          7.136	 -1.255
          7.140	 -1.285
          7.144	 -1.260
          7.148	 -1.255
          7.152	 -1.240
          7.156	 -1.225
          7.160	 -1.215
          7.164	 -1.205
          7.168	 -1.200
          7.172	 -1.200
          7.176	 -1.200
          7.180	 -1.190
          7.184	 -1.165
          7.188	 -1.160
          7.192	 -1.165
          7.196	 -1.165
          7.200	 -1.190
          7.204	 -1.200
          7.208	 -1.215
          7.212	 -1.215
          7.216	 -1.220
          7.220	 -1.225
          7.224	 -1.250
          7.228	 -1.270
          7.232	 -1.285
          7.236	 -1.285
          7.240	 -1.280
          7.244	 -1.270
          7.248	 -1.295
          7.252	 -1.285
          7.256	 -1.290
          7.260	 -1.290
          7.264	 -1.290
          7.268	 -1.300
          7.272	 -1.290
          7.276	 -1.295
          7.280	 -1.295
          7.284	 -1.290
          7.288	 -1.285
          7.292	 -1.290
          7.296	 -1.290
          7.300	 -1.290
          7.304	 -1.300
          7.308	 -1.360
          7.312	 -1.455
          7.316	 -1.480
          7.320	 -1.535
          7.324	 -1.590
          7.328	 -1.500
          7.332	 -1.235
          7.336	 -1.015
          7.340	 -0.925
          7.344	 -0.665
          7.348	 -0.495
          7.352	 -0.760
          7.356	 -1.180
          7.360	 -1.390
          7.364	 -1.470
          7.368	 -1.460
          7.372	 -1.440
          7.376	 -1.415
          7.380	 -1.360
          7.384	 -1.335
          7.388	 -1.335
          7.392	 -1.350
          7.396	 -1.355
          7.400	 -1.355
          7.404	 -1.350
          7.408	 -1.355
          7.412	 -1.355
          7.416	 -1.355
          7.420	 -1.355
          7.424	 -1.365
          7.428	 -1.360
          7.432	 -1.365
          7.436	 -1.355
          7.440	 -1.370
          7.444	 -1.360
          7.448	 -1.355
          7.452	 -1.360
          7.456	 -1.375
          7.460	 -1.375
          7.464	 -1.370
          7.468	 -1.370
          7.472	 -1.380
          7.476	 -1.390
          7.480	 -1.385
          7.484	 -1.400
          7.488	 -1.385
          7.492	 -1.390
          7.496	 -1.390
          7.500	 -1.390
          7.504	 -1.390
          7.508	 -1.390
          7.512	 -1.390
          7.516	 -1.390
          7.520	 -1.390
          7.524	 -1.390
          7.528	 -1.390
          7.532	 -1.390
          7.536	 -1.390
          7.540	 -1.390
          7.544	 -1.380
          7.548	 -1.390
          7.552	 -1.380
          7.556	 -1.370
          7.560	 -1.365
          7.564	 -1.355
          7.568	 -1.350
          7.572	 -1.355
          7.576	 -1.345
          7.580	 -1.335
          7.584	 -1.325
          7.588	 -1.320
          7.592	 -1.320
          7.596	 -1.295
          7.600	 -1.280
          7.604	 -1.270
          7.608	 -1.265
          7.612	 -1.255
          7.616	 -1.250
          7.620	 -1.235
          7.624	 -1.225
          7.628	 -1.225
          7.632	 -1.220
          7.636	 -1.215
          7.640	 -1.205
          7.644	 -1.215
          7.648	 -1.215
          7.652	 -1.210
          7.656	 -1.210
          7.660	 -1.220
          7.664	 -1.225
          7.668	 -1.225
          7.672	 -1.230
          7.676	 -1.235
          7.680	 -1.240
          7.684	 -1.235
          7.688	 -1.245
          7.692	 -1.245
          7.696	 -1.250
          7.700	 -1.225
          7.704	 -1.255
          7.708	 -1.255
          7.712	 -1.250
          7.716	 -1.240
          7.720	 -1.225
          7.724	 -1.250
          7.728	 -1.250
          7.732	 -1.250
          7.736	 -1.255
          7.740	 -1.255
          7.744	 -1.255
          7.748	 -1.255
          7.752	 -1.255
          7.756	 -1.255
          7.760	 -1.255
          7.764	 -1.250
          7.768	 -1.250
          7.772	 -1.255
          7.776	 -1.255
          7.780	 -1.250
          7.784	 -1.235
          7.788	 -1.250
          7.792	 -1.245
          7.796	 -1.240
          7.800	 -1.235
          7.804	 -1.245
          7.808	 -1.235
          7.812	 -1.225
          7.816	 -1.225
          7.820	 -1.230
          7.824	 -1.235
          7.828	 -1.225
          7.832	 -1.220
          7.836	 -1.225
          7.840	 -1.225
          7.844	 -1.225
          7.848	 -1.210
          7.852	 -1.220
          7.856	 -1.220
          7.860	 -1.215
          7.864	 -1.215
          7.868	 -1.220
          7.872	 -1.215
          7.876	 -1.215
          7.880	 -1.210
          7.884	 -1.215
          7.888	 -1.205
          7.892	 -1.185
          7.896	 -1.200
          7.900	 -1.205
          7.904	 -1.200
          7.908	 -1.200
          7.912	 -1.195
          7.916	 -1.195
          7.920	 -1.195
          7.924	 -1.190
          7.928	 -1.195
          7.932	 -1.205
          7.936	 -1.200
          7.940	 -1.190
          7.944	 -1.195
          7.948	 -1.195
          7.952	 -1.200
          7.956	 -1.175
          7.960	 -1.190
          7.964	 -1.185
          7.968	 -1.190
          7.972	 -1.195
          7.976	 -1.200
          7.980	 -1.195
          7.984	 -1.190
          7.988	 -1.190
          7.992	 -1.190
          7.996	 -1.185
          8.000	 -1.185
          8.004	 -1.180
          8.008	 -1.180
          8.012	 -1.180
          8.016	 -1.175
          8.020	 -1.180
          8.024	 -1.180
          8.028	 -1.180
          8.032	 -1.180
          8.036	 -1.185
          8.040	 -1.175
          8.044	 -1.175
          8.048	 -1.185
          8.052	 -1.185
          8.056	 -1.175
          8.060	 -1.185
          8.064	 -1.185
          8.068	 -1.180
          8.072	 -1.180
          8.076	 -1.190
          8.080	 -1.195
          8.084	 -1.190
          8.088	 -1.190
          8.092	 -1.190
          8.096	 -1.190
          8.100	 -1.190
          8.104	 -1.185
          8.108	 -1.185
          8.112	 -1.175
          8.116	 -1.185
          8.120	 -1.180
          8.124	 -1.185
          8.128	 -1.165
          8.132	 -1.185
          8.136	 -1.185
          8.140	 -1.190
          8.144	 -1.190
          8.148	 -1.185
          8.152	 -1.175
          8.156	 -1.180
          8.160	 -1.185
          8.164	 -1.185
          8.168	 -1.190
          8.172	 -1.185
          8.176	 -1.180
          8.180	 -1.185
          8.184	 -1.185
          8.188	 -1.185
          8.192	 -1.165
          8.196	 -1.185
          8.200	 -1.175
          8.204	 -1.185
          8.208	 -1.180
          8.212	 -1.185
          8.216	 -1.185
          8.220	 -1.180
          8.224	 -1.180
          8.228	 -1.180
          8.232	 -1.180
          8.236	 -1.175
          8.240	 -1.170
          8.244	 -1.175
          8.248	 -1.160
          8.252	 -1.165
          8.256	 -1.155
          8.260	 -1.170
          8.264	 -1.165
          8.268	 -1.160
          8.272	 -1.145
          8.276	 -1.130
          8.280	 -1.120
          8.284	 -1.115
          8.288	 -1.100
          8.292	 -1.100
          8.296	 -1.095
          8.300	 -1.070
          8.304	 -1.055
          8.308	 -1.055
          8.312	 -1.055
          8.316	 -1.055
          8.320	 -1.075
          8.324	 -1.090
          8.328	 -1.090
          8.332	 -1.100
          8.336	 -1.110
          8.340	 -1.115
          8.344	 -1.115
          8.348	 -1.145
          8.352	 -1.155
          8.356	 -1.155
          8.360	 -1.155
          8.364	 -1.155
          8.368	 -1.185
          8.372	 -1.185
          8.376	 -1.185
          8.380	 -1.185
          8.384	 -1.185
          8.388	 -1.195
          8.392	 -1.195
          8.396	 -1.195
          8.400	 -1.195
          8.404	 -1.200
          8.408	 -1.195
          8.412	 -1.195
          8.416	 -1.190
          8.420	 -1.190
          8.424	 -1.195
          8.428	 -1.225
          8.432	 -1.325
          8.436	 -1.365
          8.440	 -1.415
          8.444	 -1.490
          8.448	 -1.550
          8.452	 -1.365
          8.456	 -1.075
          8.460	 -0.935
          8.464	 -0.890
          8.468	 -0.670
          8.472	 -0.450
          8.476	 -0.625
          8.480	 -1.020
          8.484	 -1.260
          8.488	 -1.350
          8.492	 -1.355
          8.496	 -1.330
          8.500	 -1.290
          8.504	 -1.240
          8.508	 -1.225
          8.512	 -1.235
          8.516	 -1.240
          8.520	 -1.250
          8.524	 -1.250
          8.528	 -1.250
          8.532	 -1.255
          8.536	 -1.230
          8.540	 -1.255
          8.544	 -1.255
          8.548	 -1.255
          8.552	 -1.255
          8.556	 -1.255
          8.560	 -1.260
          8.564	 -1.260
          8.568	 -1.255
          8.572	 -1.270
          8.576	 -1.260
          8.580	 -1.260
          8.584	 -1.260
          8.588	 -1.270
          8.592	 -1.270
          8.596	 -1.270
          8.600	 -1.280
          8.604	 -1.270
          8.608	 -1.280
          8.612	 -1.285
          8.616	 -1.285
          8.620	 -1.280
          8.624	 -1.290
          8.628	 -1.290
          8.632	 -1.290
          8.636	 -1.290
          8.640	 -1.290
          8.644	 -1.290
          8.648	 -1.290
          8.652	 -1.290
          8.656	 -1.290
          8.660	 -1.290
          8.664	 -1.290
          8.668	 -1.290
          8.672	 -1.290
          8.676	 -1.290
          8.680	 -1.275
          8.684	 -1.280
          8.688	 -1.285
          8.692	 -1.260
          8.696	 -1.250
          8.700	 -1.255
          8.704	 -1.260
          8.708	 -1.250
          8.712	 -1.230
          8.716	 -1.225
          8.720	 -1.210
          8.724	 -1.190
          8.728	 -1.180
          8.732	 -1.175
          8.736	 -1.165
          8.740	 -1.155
          8.744	 -1.145
          8.748	 -1.130
          8.752	 -1.115
          8.756	 -1.115
          8.760	 -1.100
          8.764	 -1.095
          8.768	 -1.095
          8.772	 -1.090
          8.776	 -1.110
          8.780	 -1.115
          8.784	 -1.115
          8.788	 -1.120
          8.792	 -1.110
          8.796	 -1.125
          8.800	 -1.130
          8.804	 -1.145
          8.808	 -1.150
          8.812	 -1.155
          8.816	 -1.150
          8.820	 -1.150
          8.824	 -1.150
          8.828	 -1.155
          8.832	 -1.155
          8.836	 -1.150
          8.840	 -1.160
          8.844	 -1.160
          8.848	 -1.165
          8.852	 -1.170
          8.856	 -1.170
          8.860	 -1.165
          8.864	 -1.175
          8.868	 -1.180
          8.872	 -1.175
          8.876	 -1.180
          8.880	 -1.175
          8.884	 -1.180
          8.888	 -1.175
          8.892	 -1.180
          8.896	 -1.185
          8.900	 -1.175
          8.904	 -1.175
          8.908	 -1.175
          8.912	 -1.175
          8.916	 -1.165
          8.920	 -1.165
          8.924	 -1.165
          8.928	 -1.165
          8.932	 -1.165
          8.936	 -1.165
          8.940	 -1.170
          8.944	 -1.155
          8.948	 -1.165
          8.952	 -1.165
          8.956	 -1.155
          8.960	 -1.155
          8.964	 -1.150
          8.968	 -1.155
          8.972	 -1.155
          8.976	 -1.150
          8.980	 -1.150
          8.984	 -1.155
          8.988	 -1.125
          8.992	 -1.145
          8.996	 -1.150
          9.000	 -1.150
          9.004	 -1.150
          9.008	 -1.130
          9.012	 -1.145
          9.016	 -1.140
          9.020	 -1.145
          9.024	 -1.145
          9.028	 -1.145
          9.032	 -1.145
          9.036	 -1.150
          9.040	 -1.150
          9.044	 -1.145
          9.048	 -1.145
          9.052	 -1.140
          9.056	 -1.145
          9.060	 -1.140
          9.064	 -1.150
          9.068	 -1.140
          9.072	 -1.125
          9.076	 -1.130
          9.080	 -1.130
          9.084	 -1.130
          9.088	 -1.130
          9.092	 -1.130
          9.096	 -1.125
          9.100	 -1.125
          9.104	 -1.125
          9.108	 -1.135
          9.112	 -1.130
          9.116	 -1.130
          9.120	 -1.125
          9.124	 -1.125
          9.128	 -1.120
          9.132	 -1.130
          9.136	 -1.125
          9.140	 -1.125
          9.144	 -1.125
          9.148	 -1.125
          9.152	 -1.125
          9.156	 -1.130
          9.160	 -1.130
          9.164	 -1.140
          9.168	 -1.125
          9.172	 -1.130
          9.176	 -1.130
          9.180	 -1.115
          9.184	 -1.130
          9.188	 -1.130
          9.192	 -1.130
          9.196	 -1.130
          9.200	 -1.125
          9.204	 -1.125
          9.208	 -1.125
          9.212	 -1.130
          9.216	 -1.135
          9.220	 -1.130
          9.224	 -1.130
          9.228	 -1.130
          9.232	 -1.125
          9.236	 -1.125
          9.240	 -1.125
          9.244	 -1.115
          9.248	 -1.125
          9.252	 -1.125
          9.256	 -1.125
          9.260	 -1.125
          9.264	 -1.125
          9.268	 -1.115
          9.272	 -1.115
          9.276	 -1.125
          9.280	 -1.125
          9.284	 -1.125
          9.288	 -1.125
          9.292	 -1.125
          9.296	 -1.125
          9.300	 -1.125
          9.304	 -1.125
          9.308	 -1.125
          9.312	 -1.125
          9.316	 -1.115
          9.320	 -1.115
          9.324	 -1.125
          9.328	 -1.125
          9.332	 -1.120
          9.336	 -1.120
          9.340	 -1.120
          9.344	 -1.120
          9.348	 -1.115
          9.352	 -1.110
          9.356	 -1.115
          9.360	 -1.125
          9.364	 -1.125
          9.368	 -1.130
          9.372	 -1.130
          9.376	 -1.125
          9.380	 -1.125
          9.384	 -1.120
          9.388	 -1.125
          9.392	 -1.125
          9.396	 -1.125
          9.400	 -1.125
          9.404	 -1.125
          9.408	 -1.125
          9.412	 -1.125
          9.416	 -1.105
          9.420	 -1.115
          9.424	 -1.115
          9.428	 -1.095
          9.432	 -1.075
          9.436	 -1.075
          9.440	 -1.080
          9.444	 -1.075
          9.448	 -1.055
          9.452	 -1.055
          9.456	 -1.055
          9.460	 -1.040
          9.464	 -1.025
          9.468	 -1.030
          9.472	 -1.035
          9.476	 -1.055
          9.480	 -1.050
          9.484	 -1.075
          9.488	 -1.080
          9.492	 -1.080
          9.496	 -1.080
          9.500	 -1.090
          9.504	 -1.115
          9.508	 -1.130
          9.512	 -1.145
          9.516	 -1.140
          9.520	 -1.150
          9.524	 -1.155
          9.528	 -1.155
          9.532	 -1.150
          9.536	 -1.155
          9.540	 -1.165
          9.544	 -1.155
          9.548	 -1.165
          9.552	 -1.165
          9.556	 -1.170
          9.560	 -1.180
          9.564	 -1.175
          9.568	 -1.170
          9.572	 -1.180
          9.576	 -1.180
          9.580	 -1.175
          9.584	 -1.170
          9.588	 -1.200
          9.592	 -1.310
          9.596	 -1.390
          9.600	 -1.475
          9.604	 -1.570
          9.608	 -1.490
          9.612	 -1.210
          9.616	 -0.985
          9.620	 -0.890
          9.624	 -0.690
          9.628	 -0.390
          9.632	 -0.505
          9.636	 -0.870
          9.640	 -1.145
          9.644	 -1.285
          9.648	 -1.305
          9.652	 -1.320
          9.656	 -1.270
          9.660	 -1.235
          9.664	 -1.215
          9.668	 -1.205
          9.672	 -1.215
          9.676	 -1.220
          9.680	 -1.225
          9.684	 -1.225
          9.688	 -1.225
          9.692	 -1.235
          9.696	 -1.230
          9.700	 -1.235
          9.704	 -1.235
          9.708	 -1.245
          9.712	 -1.250
          9.716	 -1.225
          9.720	 -1.250
          9.724	 -1.250
          9.728	 -1.250
          9.732	 -1.255
          9.736	 -1.255
          9.740	 -1.250
          9.744	 -1.250
          9.748	 -1.250
          9.752	 -1.255
          9.756	 -1.260
          9.760	 -1.260
          9.764	 -1.255
          9.768	 -1.255
          9.772	 -1.260
          9.776	 -1.265
          9.780	 -1.270
          9.784	 -1.265
          9.788	 -1.270
          9.792	 -1.270
          9.796	 -1.270
          9.800	 -1.265
          9.804	 -1.275
          9.808	 -1.265
          9.812	 -1.270
          9.816	 -1.270
          9.820	 -1.270
          9.824	 -1.255
          9.828	 -1.270
          9.832	 -1.265
          9.836	 -1.270
          9.840	 -1.270
          9.844	 -1.255
          9.848	 -1.255
          9.852	 -1.245
          9.856	 -1.250
          9.860	 -1.235
          9.864	 -1.225
          9.868	 -1.220
          9.872	 -1.210
          9.876	 -1.200
          9.880	 -1.190
          9.884	 -1.175
          9.888	 -1.150
          9.892	 -1.155
          9.896	 -1.150
          9.900	 -1.130
          9.904	 -1.125
          9.908	 -1.125
          9.912	 -1.110
          9.916	 -1.110
          9.920	 -1.115
          9.924	 -1.115
          9.928	 -1.125
          9.932	 -1.125
          9.936	 -1.130
          9.940	 -1.140
          9.944	 -1.145
          9.948	 -1.150
          9.952	 -1.155
          9.956	 -1.165
          9.960	 -1.165
          9.964	 -1.165
          9.968	 -1.180
          9.972	 -1.180
          9.976	 -1.180
          9.980	 -1.180
          9.984	 -1.185
          9.988	 -1.185
          9.992	 -1.190
          9.996	 -1.185
