          0.000	  9.070
          0.004	  9.055
          0.008	  9.085
          0.012	  9.100
          0.016	  9.105
          0.020	  9.135
          0.024	  9.135
          0.028	  9.135
          0.032	  9.135
          0.036	  9.135
          0.040	  9.160
          0.044	  9.155
          0.048	  9.135
          0.052	  9.135
          0.056	  9.135
          0.060	  9.125
          0.064	  9.115
          0.068	  9.105
          0.072	  9.085
          0.076	  9.080
          0.080	  9.050
          0.084	  9.055
          0.088	  9.055
          0.092	  9.050
          0.096	  9.050
          0.100	  9.045
          0.104	  9.045
          0.108	  9.030
          0.112	  9.030
          0.116	  9.045
          0.120	  9.030
          0.124	  9.030
          0.128	  9.030
          0.132	  9.030
          0.136	  9.030
          0.140	  9.030
          0.144	  9.015
          0.148	  9.055
          0.152	  9.030
          0.156	  9.020
          0.160	  9.020
          0.164	  9.045
          0.168	  9.030
          0.172	  9.030
          0.176	  9.030
          0.180	  9.045
          0.184	  9.030
          0.188	  9.015
          0.192	  9.030
          0.196	  9.045
          0.200	  9.045
          0.204	  9.050
          0.208	  9.045
          0.212	  9.070
          0.216	  9.030
          0.220	  9.045
          0.224	  9.050
          0.228	  9.030
          0.232	  9.050
          0.236	  9.045
          0.240	  9.050
          0.244	  9.045
          0.248	  9.045
          0.252	  9.030
          0.256	  9.050
          0.260	  9.045
          0.264	  9.050
          0.268	  9.050
          0.272	  9.030
          0.276	  9.055
          0.280	  9.050
          0.284	  9.050
          0.288	  9.050
          0.292	  9.045
          0.296	  9.050
          0.300	  9.045
          0.304	  9.050
          0.308	  9.030
          0.312	  9.045
          0.316	  9.045
          0.320	  9.070
          0.324	  9.045
          0.328	  9.050
          0.332	  9.055
          0.336	  9.050
          0.340	  9.070
          0.344	  9.050
          0.348	  9.050
          0.352	  9.050
          0.356	  9.050
          0.360	  9.030
          0.364	  9.015
          0.368	  9.030
          0.372	  9.030
          0.376	  9.045
          0.380	  9.030
          0.384	  9.085
          0.388	  9.050
          0.392	  9.045
          0.396	  9.030
          0.400	  9.030
          0.404	  9.050
          0.408	  9.050
          0.412	  9.045
          0.416	  9.050
          0.420	  9.045
          0.424	  9.030
          0.428	  9.045
          0.432	  9.045
          0.436	  9.045
          0.440	  9.030
          0.444	  9.045
          0.448	  9.050
          0.452	  9.045
          0.456	  9.045
          0.460	  9.030
          0.464	  9.030
          0.468	  9.050
          0.472	  9.030
          0.476	  9.030
          0.480	  9.030
          0.484	  9.045
          0.488	  9.030
          0.492	  9.020
          0.496	  9.030
          0.500	  9.045
          0.504	  9.030
          0.508	  9.030
          0.512	  9.045
          0.516	  9.045
          0.520	  9.030
          0.524	  9.045
          0.528	  9.030
          0.532	  9.030
          0.536	  9.030
          0.540	  9.030
          0.544	  9.030
          0.548	  9.030
          0.552	  9.045
          0.556	  9.055
          0.560	  9.045
          0.564	  9.045
          0.568	  9.045
          0.572	  9.030
          0.576	  9.045
          0.580	  9.045
          0.584	  9.030
          0.588	  9.030
          0.592	  9.030
          0.596	  9.045
          0.600	  9.015
          0.604	  9.020
          0.608	  9.045
          0.612	  9.045
          0.616	  9.020
          0.620	  9.055
          0.624	  9.030
          0.628	  9.045
          0.632	  9.030
          0.636	  9.030
          0.640	  9.030
          0.644	  9.045
          0.648	  9.030
          0.652	  9.030
          0.656	  9.030
          0.660	  9.030
          0.664	  9.030
          0.668	  9.030
          0.672	  9.030
          0.676	  9.030
          0.680	  9.015
          0.684	  9.030
          0.688	  9.030
          0.692	  9.030
          0.696	  9.030
          0.700	  9.030
          0.704	  9.045
          0.708	  9.045
          0.712	  9.030
          0.716	  9.030
          0.720	  9.020
          0.724	  9.020
          0.728	  9.030
          0.732	  9.020
          0.736	  9.030
          0.740	  9.045
          0.744	  9.030
          0.748	  9.030
          0.752	  9.015
          0.756	  9.020
          0.760	  9.030
          0.764	  9.020
          0.768	  9.030
          0.772	  9.020
          0.776	  9.030
          0.780	  9.030
          0.784	  9.030
          0.788	  9.030
          0.792	  9.055
          0.796	  9.020
          0.800	  9.015
          0.804	  9.030
          0.808	  9.015
          0.812	  9.020
          0.816	  9.015
          0.820	  9.030
          0.824	  9.030
          0.828	  9.020
          0.832	  9.015
          0.836	  9.045
          0.840	  9.030
          0.844	  9.030
          0.848	  9.030
          0.852	  9.030
          0.856	  9.050
          0.860	  9.015
          0.864	  9.030
          0.868	  9.020
          0.872	  9.030
          0.876	  9.015
          0.880	  9.030
          0.884	  9.020
          0.888	  9.015
          0.892	  9.015
          0.896	  9.000
          0.900	  9.020
          0.904	  9.020
          0.908	  9.015
          0.912	  9.015
          0.916	  9.020
          0.920	  9.030
          0.924	  9.015
          0.928	  9.015
          0.932	  9.020
          0.936	  9.015
          0.940	  9.015
          0.944	  9.015
          0.948	  9.020
          0.952	  9.015
          0.956	  9.015
          0.960	  9.015
          0.964	  9.045
          0.968	  9.015
          0.972	  9.000
          0.976	  8.985
          0.980	  8.985
          0.984	  9.000
          0.988	  8.995
          0.992	  8.985
          0.996	  9.015
          1.000	  9.000
          1.004	  8.995
          1.008	  8.965
          1.012	  8.985
          1.016	  8.975
          1.020	  8.995
          1.024	  9.015
          1.028	  8.985
          1.032	  9.015
          1.036	  9.000
          1.040	  9.015
          1.044	  9.020
          1.048	  9.015
          1.052	  8.985
          1.056	  8.985
          1.060	  8.995
          1.064	  8.995
          1.068	  9.015
          1.072	  9.015
          1.076	  9.020
          1.080	  9.000
          1.084	  9.015
          1.088	  9.000
          1.092	  9.045
          1.096	  9.015
          1.100	  9.015
          1.104	  9.015
          1.108	  9.020
          1.112	  9.000
          1.116	  9.000
          1.120	  9.000
          1.124	  9.015
          1.128	  9.030
          1.132	  9.055
          1.136	  9.125
          1.140	  9.135
          1.144	  9.080
          1.148	  8.995
          1.152	  8.880
          1.156	  8.705
          1.160	  8.510
          1.164	  8.320
          1.168	  8.160
          1.172	  7.985
          1.176	  8.075
          1.180	  8.385
          1.184	  8.765
          1.188	  9.045
          1.192	  9.105
          1.196	  9.070
          1.200	  9.050
          1.204	  8.960
          1.208	  8.945
          1.212	  8.905
          1.216	  8.905
          1.220	  8.880
          1.224	  8.910
          1.228	  8.930
          1.232	  8.965
          1.236	  8.985
          1.240	  8.985
          1.244	  8.995
          1.248	  8.995
          1.252	  8.995
          1.256	  9.000
          1.260	  9.030
          1.264	  9.050
          1.268	  9.015
          1.272	  9.030
          1.276	  9.030
          1.280	  9.030
          1.284	  9.030
          1.288	  9.045
          1.292	  9.030
          1.296	  9.030
          1.300	  9.045
          1.304	  9.015
          1.308	  9.045
          1.312	  9.020
          1.316	  9.030
          1.320	  9.030
          1.324	  9.030
          1.328	  9.030
          1.332	  9.030
          1.336	  9.020
          1.340	  9.015
          1.344	  9.020
          1.348	  9.020
          1.352	  9.030
          1.356	  9.020
          1.360	  9.030
          1.364	  9.030
          1.368	  9.015
          1.372	  9.020
          1.376	  9.015
          1.380	  9.020
          1.384	  9.030
          1.388	  9.000
          1.392	  9.015
          1.396	  8.995
          1.400	  8.995
          1.404	  9.000
          1.408	  9.000
          1.412	  9.000
          1.416	  8.985
          1.420	  8.995
          1.424	  8.985
          1.428	  9.000
          1.432	  9.000
          1.436	  8.960
          1.440	  9.000
          1.444	  8.985
          1.448	  9.000
          1.452	  9.015
          1.456	  9.000
          1.460	  9.015
          1.464	  9.020
          1.468	  9.030
          1.472	  9.030
          1.476	  9.030
          1.480	  9.050
          1.484	  9.070
          1.488	  9.055
          1.492	  9.070
          1.496	  9.085
          1.500	  9.125
          1.504	  9.115
          1.508	  9.105
          1.512	  9.125
          1.516	  9.135
          1.520	  9.135
          1.524	  9.160
          1.528	  9.170
          1.532	  9.170
          1.536	  9.185
          1.540	  9.185
          1.544	  9.190
          1.548	  9.185
          1.552	  9.185
          1.556	  9.160
          1.560	  9.155
          1.564	  9.160
          1.568	  9.125
          1.572	  9.125
          1.576	  9.115
          1.580	  9.105
          1.584	  9.100
          1.588	  9.085
          1.592	  9.080
          1.596	  9.055
          1.600	  9.055
          1.604	  9.050
          1.608	  9.070
          1.612	  9.045
          1.616	  9.030
          1.620	  9.045
          1.624	  9.030
          1.628	  9.045
          1.632	  9.030
          1.636	  9.045
          1.640	  9.030
          1.644	  9.030
          1.648	  9.030
          1.652	  9.015
          1.656	  9.030
          1.660	  9.030
          1.664	  9.030
          1.668	  9.030
          1.672	  9.055
          1.676	  9.020
          1.680	  9.030
          1.684	  9.030
          1.688	  9.030
          1.692	  9.045
          1.696	  9.030
          1.700	  9.045
          1.704	  9.030
          1.708	  9.050
          1.712	  9.050
          1.716	  9.055
          1.720	  9.055
          1.724	  9.070
          1.728	  9.050
          1.732	  9.045
          1.736	  9.070
          1.740	  9.050
          1.744	  9.030
          1.748	  9.045
          1.752	  9.045
          1.756	  9.030
          1.760	  9.050
          1.764	  9.030
          1.768	  9.045
          1.772	  9.050
          1.776	  9.050
          1.780	  9.050
          1.784	  9.050
          1.788	  9.050
          1.792	  9.050
          1.796	  9.050
          1.800	  9.050
          1.804	  9.045
          1.808	  9.050
          1.812	  9.055
          1.816	  9.050
          1.820	  9.050
          1.824	  9.050
          1.828	  9.050
          1.832	  9.050
          1.836	  9.055
          1.840	  9.045
          1.844	  9.085
          1.848	  9.045
          1.852	  9.050
          1.856	  9.030
          1.860	  9.045
          1.864	  9.050
          1.868	  9.045
          1.872	  9.045
          1.876	  9.030
          1.880	  9.030
          1.884	  9.045
          1.888	  9.030
          1.892	  9.030
          1.896	  9.030
          1.900	  9.030
          1.904	  9.030
          1.908	  9.070
          1.912	  9.045
          1.916	  9.045
          1.920	  9.045
          1.924	  9.045
          1.928	  9.030
          1.932	  9.045
          1.936	  9.030
          1.940	  9.045
          1.944	  9.030
          1.948	  9.030
          1.952	  9.050
          1.956	  9.045
          1.960	  9.030
          1.964	  9.030
          1.968	  9.030
          1.972	  9.050
          1.976	  9.045
          1.980	  9.030
          1.984	  9.030
          1.988	  9.030
          1.992	  9.030
          1.996	  9.030
          2.000	  9.030
          2.004	  9.045
          2.008	  9.030
          2.012	  9.020
          2.016	  9.030
          2.020	  9.030
          2.024	  9.015
          2.028	  9.020
          2.032	  9.015
          2.036	  9.045
          2.040	  9.030
          2.044	  9.020
          2.048	  9.030
          2.052	  9.030
          2.056	  9.020
          2.060	  9.015
          2.064	  9.015
          2.068	  9.030
          2.072	  9.030
          2.076	  9.015
          2.080	  9.050
          2.084	  9.020
          2.088	  9.020
          2.092	  9.015
          2.096	  9.015
          2.100	  9.030
          2.104	  9.015
          2.108	  9.015
          2.112	  9.015
          2.116	  9.020
          2.120	  9.020
          2.124	  9.030
          2.128	  9.030
          2.132	  9.015
          2.136	  9.015
          2.140	  8.985
          2.144	  9.045
          2.148	  9.000
          2.152	  9.015
          2.156	  9.015
          2.160	  9.015
          2.164	  9.015
          2.168	  9.015
          2.172	  9.015
          2.176	  9.015
          2.180	  9.020
          2.184	  9.000
          2.188	  9.015
          2.192	  9.015
          2.196	  9.020
          2.200	  9.015
          2.204	  8.995
          2.208	  9.015
          2.212	  9.015
          2.216	  9.000
          2.220	  9.020
          2.224	  9.015
          2.228	  9.015
          2.232	  9.015
          2.236	  9.015
          2.240	  9.015
          2.244	  9.000
          2.248	  9.015
          2.252	  8.975
          2.256	  8.985
          2.260	  9.015
          2.264	  9.015
          2.268	  9.000
          2.272	  9.015
          2.276	  9.015
          2.280	  8.995
          2.284	  8.995
          2.288	  9.015
          2.292	  9.015
          2.296	  9.015
          2.300	  9.015
          2.304	  9.015
          2.308	  9.015
          2.312	  9.000
          2.316	  9.030
          2.320	  8.985
          2.324	  8.995
          2.328	  9.000
          2.332	  9.015
          2.336	  8.995
          2.340	  8.985
          2.344	  9.000
          2.348	  9.000
          2.352	  9.015
          2.356	  9.015
          2.360	  9.015
          2.364	  8.995
          2.368	  9.000
          2.372	  9.020
          2.376	  9.015
          2.380	  8.965
          2.384	  8.985
          2.388	  9.000
          2.392	  8.995
          2.396	  8.995
          2.400	  9.000
          2.404	  9.000
          2.408	  9.000
          2.412	  9.000
          2.416	  9.000
          2.420	  8.995
          2.424	  8.985
          2.428	  8.985
          2.432	  8.985
          2.436	  9.000
          2.440	  9.015
          2.444	  8.985
          2.448	  8.985
          2.452	  8.995
          2.456	  8.995
          2.460	  8.995
          2.464	  8.985
          2.468	  8.985
          2.472	  8.995
          2.476	  8.985
          2.480	  9.000
          2.484	  9.000
          2.488	  8.965
          2.492	  8.995
          2.496	  8.985
          2.500	  8.995
          2.504	  8.995
          2.508	  8.975
          2.512	  8.975
          2.516	  8.975
          2.520	  8.985
          2.524	  8.975
          2.528	  8.975
          2.532	  8.985
          2.536	  8.985
          2.540	  8.975
          2.544	  8.975
          2.548	  8.965
          2.552	  8.930
          2.556	  8.965
          2.560	  8.985
          2.564	  8.985
          2.568	  8.985
          2.572	  8.995
          2.576	  8.975
          2.580	  8.985
          2.584	  8.995
          2.588	  8.985
          2.592	  8.985
          2.596	  8.985
          2.600	  8.995
          2.604	  8.985
          2.608	  8.995
          2.612	  9.000
          2.616	  8.975
          2.620	  8.995
          2.624	  8.985
          2.628	  9.000
          2.632	  8.995
          2.636	  8.995
          2.640	  8.995
          2.644	  8.985
          2.648	  8.985
          2.652	  8.985
          2.656	  8.985
          2.660	  8.985
          2.664	  9.015
          2.668	  9.055
          2.672	  9.105
          2.676	  9.080
          2.680	  9.030
          2.684	  8.960
          2.688	  8.835
          2.692	  8.680
          2.696	  8.470
          2.700	  8.315
          2.704	  8.160
          2.708	  8.070
          2.712	  8.215
          2.716	  8.555
          2.720	  8.875
          2.724	  9.100
          2.728	  9.070
          2.732	  9.045
          2.736	  8.985
          2.740	  8.965
          2.744	  8.915
          2.748	  8.905
          2.752	  8.880
          2.756	  8.890
          2.760	  8.905
          2.764	  8.915
          2.768	  8.960
          2.772	  8.975
          2.776	  8.985
          2.780	  8.975
          2.784	  8.985
          2.788	  8.960
          2.792	  8.985
          2.796	  8.985
          2.800	  8.985
          2.804	  8.985
          2.808	  8.985
          2.812	  8.985
          2.816	  8.985
          2.820	  8.985
          2.824	  8.985
          2.828	  8.995
          2.832	  8.985
          2.836	  8.995
          2.840	  8.985
          2.844	  8.985
          2.848	  8.995
          2.852	  8.965
          2.856	  8.985
          2.860	  8.975
          2.864	  8.975
          2.868	  8.985
          2.872	  8.985
          2.876	  8.975
          2.880	  8.965
          2.884	  8.975
          2.888	  8.975
          2.892	  8.975
          2.896	  8.930
          2.900	  8.975
          2.904	  8.960
          2.908	  8.965
          2.912	  8.975
          2.916	  8.940
          2.920	  8.945
          2.924	  8.960
          2.928	  8.945
          2.932	  8.960
          2.936	  8.945
          2.940	  8.940
          2.944	  8.930
          2.948	  8.915
          2.952	  8.930
          2.956	  8.930
          2.960	  8.905
          2.964	  8.940
          2.968	  8.940
          2.972	  8.910
          2.976	  8.915
          2.980	  8.910
          2.984	  8.915
          2.988	  8.915
          2.992	  8.940
          2.996	  8.945
          3.000	  8.945
          3.004	  8.940
          3.008	  8.940
          3.012	  8.965
          3.016	  8.965
          3.020	  8.995
          3.024	  8.945
          3.028	  8.985
          3.032	  9.000
          3.036	  9.015
          3.040	  9.020
          3.044	  9.045
          3.048	  9.045
          3.052	  9.050
          3.056	  9.055
          3.060	  9.085
          3.064	  9.085
          3.068	  9.105
          3.072	  9.105
          3.076	  9.115
          3.080	  9.125
          3.084	  9.105
          3.088	  9.105
          3.092	  9.105
          3.096	  9.100
          3.100	  9.085
          3.104	  9.055
          3.108	  9.070
          3.112	  9.055
          3.116	  9.050
          3.120	  9.050
          3.124	  9.045
          3.128	  9.030
          3.132	  9.070
          3.136	  9.030
          3.140	  9.020
          3.144	  9.015
          3.148	  9.000
          3.152	  9.015
          3.156	  8.995
          3.160	  8.985
          3.164	  8.995
          3.168	  8.995
          3.172	  9.000
          3.176	  9.000
          3.180	  9.015
          3.184	  8.995
          3.188	  8.995
          3.192	  8.995
          3.196	  8.960
          3.200	  8.985
          3.204	  8.985
          3.208	  9.000
          3.212	  9.015
          3.216	  9.015
          3.220	  9.000
          3.224	  9.000
          3.228	  9.015
          3.232	  9.015
          3.236	  9.020
          3.240	  9.015
          3.244	  9.000
          3.248	  9.015
          3.252	  9.020
          3.256	  9.000
          3.260	  9.030
          3.264	  9.020
          3.268	  9.015
          3.272	  9.015
          3.276	  9.015
          3.280	  9.015
          3.284	  9.015
          3.288	  9.020
          3.292	  9.015
          3.296	  9.020
          3.300	  9.030
          3.304	  9.015
          3.308	  9.015
          3.312	  9.015
          3.316	  9.015
          3.320	  9.015
          3.324	  9.030
          3.328	  9.015
          3.332	  9.020
          3.336	  9.000
          3.340	  9.015
          3.344	  9.015
          3.348	  9.020
          3.352	  9.000
          3.356	  9.015
          3.360	  9.015
          3.364	  9.015
          3.368	  9.050
          3.372	  9.015
          3.376	  9.015
          3.380	  8.995
          3.384	  9.015
          3.388	  9.015
          3.392	  9.015
          3.396	  9.015
          3.400	  9.015
          3.404	  9.015
          3.408	  9.020
          3.412	  9.015
          3.416	  9.000
          3.420	  9.015
          3.424	  9.015
          3.428	  9.000
          3.432	  9.030
          3.436	  9.000
          3.440	  9.015
          3.444	  9.000
          3.448	  8.995
          3.452	  9.015
          3.456	  9.015
          3.460	  9.020
          3.464	  9.015
          3.468	  9.015
          3.472	  9.015
          3.476	  8.995
          3.480	  9.015
          3.484	  9.015
          3.488	  8.995
          3.492	  9.000
          3.496	  9.020
          3.500	  9.000
          3.504	  8.985
          3.508	  9.015
          3.512	  9.015
          3.516	  9.000
          3.520	  9.000
          3.524	  9.000
          3.528	  9.015
          3.532	  9.015
          3.536	  8.985
          3.540	  9.050
          3.544	  9.015
          3.548	  9.000
          3.552	  9.015
          3.556	  9.000
          3.560	  9.020
          3.564	  9.015
          3.568	  8.995
          3.572	  9.015
          3.576	  9.020
          3.580	  8.995
          3.584	  8.975
          3.588	  9.015
          3.592	  9.000
          3.596	  9.015
          3.600	  9.015
          3.604	  9.050
          3.608	  9.030
          3.612	  9.030
          3.616	  9.015
          3.620	  9.020
          3.624	  9.015
          3.628	  9.015
          3.632	  9.015
          3.636	  9.030
          3.640	  9.015
          3.644	  9.020
          3.648	  9.015
          3.652	  9.020
          3.656	  9.015
          3.660	  9.015
          3.664	  9.000
          3.668	  9.045
          3.672	  9.000
          3.676	  9.015
          3.680	  9.020
          3.684	  9.020
          3.688	  9.015
          3.692	  9.015
          3.696	  9.015
          3.700	  9.015
          3.704	  9.015
          3.708	  9.015
          3.712	  9.015
          3.716	  9.020
          3.720	  9.015
          3.724	  9.015
          3.728	  9.015
          3.732	  9.030
          3.736	  9.030
          3.740	  9.045
          3.744	  9.030
          3.748	  9.050
          3.752	  9.045
          3.756	  9.030
          3.760	  9.045
          3.764	  9.055
          3.768	  9.055
          3.772	  9.055
          3.776	  9.105
          3.780	  9.055
          3.784	  9.055
          3.788	  9.055
          3.792	  9.050
          3.796	  9.050
          3.800	  9.030
          3.804	  9.030
          3.808	  9.030
          3.812	  9.030
          3.816	  9.015
          3.820	  9.020
          3.824	  9.015
          3.828	  9.020
          3.832	  9.015
          3.836	  9.000
          3.840	  9.030
          3.844	  9.015
          3.848	  9.015
          3.852	  9.015
          3.856	  9.000
          3.860	  9.000
          3.864	  9.000
          3.868	  9.000
          3.872	  9.015
          3.876	  8.995
          3.880	  9.015
          3.884	  8.995
          3.888	  8.985
          3.892	  8.995
          3.896	  9.015
          3.900	  9.045
          3.904	  9.105
          3.908	  9.135
          3.912	  9.105
          3.916	  9.030
          3.920	  8.945
          3.924	  8.835
          3.928	  8.630
          3.932	  8.440
          3.936	  8.285
          3.940	  8.125
          3.944	  7.985
          3.948	  8.120
          3.952	  8.460
          3.956	  8.805
          3.960	  9.050
          3.964	  9.100
          3.968	  9.085
          3.972	  9.020
          3.976	  8.960
          3.980	  8.930
          3.984	  8.910
          3.988	  8.905
          3.992	  8.880
          3.996	  8.905
          4.000	  8.930
          4.004	  8.960
          4.008	  8.995
          4.012	  8.960
          4.016	  8.975
          4.020	  8.975
          4.024	  9.000
          4.028	  8.985
          4.032	  8.985
          4.036	  8.985
          4.040	  9.000
          4.044	  8.995
          4.048	  9.015
          4.052	  9.015
          4.056	  9.000
          4.060	  9.000
          4.064	  9.000
          4.068	  8.995
          4.072	  9.000
          4.076	  8.965
          4.080	  8.985
          4.084	  8.985
          4.088	  8.995
          4.092	  9.015
          4.096	  9.000
          4.100	  9.000
          4.104	  9.000
          4.108	  9.000
          4.112	  8.985
          4.116	  8.985
          4.120	  9.000
          4.124	  9.000
          4.128	  9.000
          4.132	  9.015
          4.136	  9.015
          4.140	  8.985
          4.144	  8.985
          4.148	  8.985
          4.152	  9.000
          4.156	  8.995
          4.160	  8.995
          4.164	  9.000
          4.168	  8.995
          4.172	  8.985
          4.176	  8.985
          4.180	  9.000
          4.184	  8.945
          4.188	  8.985
          4.192	  8.985
          4.196	  9.000
          4.200	  8.995
          4.204	  8.975
          4.208	  8.985
          4.212	  8.995
          4.216	  8.985
          4.220	  8.985
          4.224	  9.000
          4.228	  9.015
          4.232	  8.995
          4.236	  9.020
          4.240	  9.015
          4.244	  9.020
          4.248	  9.055
          4.252	  9.030
          4.256	  9.050
          4.260	  9.050
          4.264	  9.055
          4.268	  9.085
          4.272	  9.085
          4.276	  9.105
          4.280	  9.105
          4.284	  9.125
          4.288	  9.125
          4.292	  9.155
          4.296	  9.155
          4.300	  9.160
          4.304	  9.185
          4.308	  9.170
          4.312	  9.185
          4.316	  9.170
          4.320	  9.170
          4.324	  9.155
          4.328	  9.155
          4.332	  9.140
          4.336	  9.135
          4.340	  9.135
          4.344	  9.105
          4.348	  9.105
          4.352	  9.100
          4.356	  9.100
          4.360	  9.070
          4.364	  9.050
          4.368	  9.055
          4.372	  9.055
          4.376	  9.055
          4.380	  9.050
          4.384	  9.050
          4.388	  9.030
          4.392	  9.015
          4.396	  9.030
          4.400	  9.030
          4.404	  9.030
          4.408	  9.030
          4.412	  9.020
          4.416	  9.030
          4.420	  9.055
          4.424	  9.030
          4.428	  9.030
          4.432	  9.030
          4.436	  9.045
          4.440	  9.045
          4.444	  9.020
          4.448	  9.030
          4.452	  9.045
          4.456	  9.030
          4.460	  9.045
          4.464	  9.050
          4.468	  9.045
          4.472	  9.045
          4.476	  9.045
          4.480	  9.050
          4.484	  9.070
          4.488	  9.050
          4.492	  9.050
          4.496	  9.055
          4.500	  9.055
          4.504	  9.055
          4.508	  9.050
          4.512	  9.050
          4.516	  9.055
          4.520	  9.050
          4.524	  9.050
          4.528	  9.055
          4.532	  9.050
          4.536	  9.050
          4.540	  9.055
          4.544	  9.045
          4.548	  9.055
          4.552	  9.055
          4.556	  9.050
          4.560	  9.050
          4.564	  9.055
          4.568	  9.050
          4.572	  9.050
          4.576	  9.055
          4.580	  9.050
          4.584	  9.045
          4.588	  9.050
          4.592	  9.050
          4.596	  9.050
          4.600	  9.045
          4.604	  9.050
          4.608	  9.050
          4.612	  9.055
          4.616	  9.045
          4.620	  9.050
          4.624	  9.050
          4.628	  9.045
          4.632	  9.050
          4.636	  9.045
          4.640	  9.050
          4.644	  9.050
          4.648	  9.050
          4.652	  9.045
          4.656	  9.070
          4.660	  9.050
          4.664	  9.030
          4.668	  9.050
          4.672	  9.050
          4.676	  9.050
          4.680	  9.045
          4.684	  9.030
          4.688	  9.050
          4.692	  9.030
          4.696	  9.045
          4.700	  9.045
          4.704	  9.050
          4.708	  9.050
          4.712	  9.045
          4.716	  9.050
          4.720	  9.055
          4.724	  9.050
          4.728	  9.045
          4.732	  9.045
          4.736	  9.045
          4.740	  9.045
          4.744	  9.050
          4.748	  9.050
          4.752	  9.045
          4.756	  9.045
          4.760	  9.045
          4.764	  9.030
          4.768	  9.030
          4.772	  9.050
          4.776	  9.045
          4.780	  9.045
          4.784	  9.055
          4.788	  9.050
          4.792	  9.050
          4.796	  9.030
          4.800	  9.045
          4.804	  9.045
          4.808	  9.030
          4.812	  9.030
          4.816	  9.050
          4.820	  9.050
          4.824	  9.050
          4.828	  9.085
          4.832	  9.050
          4.836	  9.050
          4.840	  9.045
          4.844	  9.050
          4.848	  9.055
          4.852	  9.050
          4.856	  9.045
          4.860	  9.045
          4.864	  9.030
          4.868	  9.045
          4.872	  9.015
          4.876	  9.045
          4.880	  9.030
          4.884	  9.045
          4.888	  9.030
          4.892	  9.055
          4.896	  9.030
          4.900	  9.030
          4.904	  9.030
          4.908	  9.030
          4.912	  9.030
          4.916	  9.045
          4.920	  9.045
          4.924	  9.050
          4.928	  9.045
          4.932	  9.045
          4.936	  9.045
          4.940	  9.050
          4.944	  9.030
          4.948	  9.030
          4.952	  9.030
          4.956	  9.050
          4.960	  9.030
          4.964	  9.045
          4.968	  9.030
          4.972	  9.030
          4.976	  9.030
          4.980	  9.045
          4.984	  9.030
          4.988	  9.020
          4.992	  9.030
          4.996	  9.030
          5.000	  9.045
          5.004	  9.030
          5.008	  9.045
          5.012	  9.045
          5.016	  9.030
          5.020	  9.045
          5.024	  9.045
          5.028	  9.030
          5.032	  9.030
          5.036	  9.030
          5.040	  9.045
          5.044	  9.050
          5.048	  9.030
          5.052	  9.045
          5.056	  9.030
          5.060	  9.045
          5.064	  9.070
          5.068	  9.030
          5.072	  9.030
          5.076	  9.030
          5.080	  9.030
          5.084	  9.045
          5.088	  9.030
          5.092	  9.030
          5.096	  9.030
          5.100	  9.015
          5.104	  9.030
          5.108	  9.045
          5.112	  9.030
          5.116	  9.020
          5.120	  9.030
          5.124	  9.020
          5.128	  9.050
          5.132	  9.030
          5.136	  9.030
          5.140	  9.045
          5.144	  9.030
          5.148	  9.020
          5.152	  9.030
          5.156	  9.030
          5.160	  9.030
          5.164	  9.030
          5.168	  9.015
          5.172	  9.030
          5.176	  9.030
          5.180	  9.020
          5.184	  9.030
          5.188	  9.030
          5.192	  9.030
          5.196	  9.030
          5.200	  9.030
          5.204	  9.030
          5.208	  9.030
          5.212	  9.020
          5.216	  9.030
          5.220	  9.045
          5.224	  9.015
          5.228	  9.020
          5.232	  9.015
          5.236	  9.045
          5.240	  9.030
          5.244	  9.030
          5.248	  9.030
          5.252	  9.020
          5.256	  9.045
          5.260	  9.030
          5.264	  9.030
          5.268	  9.045
          5.272	  9.030
          5.276	  9.020
          5.280	  9.015
          5.284	  9.030
          5.288	  9.030
          5.292	  9.030
          5.296	  9.020
          5.300	  9.050
          5.304	  9.020
          5.308	  9.015
          5.312	  9.030
          5.316	  9.020
          5.320	  9.030
          5.324	  9.015
          5.328	  9.020
          5.332	  9.030
          5.336	  9.030
          5.340	  9.020
          5.344	  9.030
          5.348	  9.020
          5.352	  9.020
          5.356	  9.020
          5.360	  9.015
          5.364	  9.055
          5.368	  9.030
          5.372	  9.030
          5.376	  9.015
          5.380	  9.030
          5.384	  9.030
          5.388	  9.020
          5.392	  9.030
          5.396	  9.030
          5.400	  9.045
          5.404	  9.045
          5.408	  9.055
          5.412	  9.055
          5.416	  9.045
          5.420	  9.050
          5.424	  9.050
          5.428	  9.080
          5.432	  9.070
          5.436	  9.085
          5.440	  9.055
          5.444	  9.055
          5.448	  9.055
          5.452	  9.050
          5.456	  9.050
          5.460	  9.045
          5.464	  9.045
          5.468	  9.030
          5.472	  9.055
          5.476	  9.030
          5.480	  9.030
          5.484	  9.045
          5.488	  9.030
          5.492	  9.030
          5.496	  9.015
          5.500	  9.015
          5.504	  9.015
          5.508	  9.020
          5.512	  9.015
          5.516	  8.975
          5.520	  9.020
          5.524	  9.020
          5.528	  9.020
          5.532	  9.015
          5.536	  9.050
          5.540	  9.015
          5.544	  9.015
          5.548	  9.015
          5.552	  9.015
          5.556	  9.050
          5.560	  9.115
          5.564	  9.135
          5.568	  9.100
          5.572	  9.030
          5.576	  8.915
          5.580	  8.765
          5.584	  8.580
          5.588	  8.405
          5.592	  8.260
          5.596	  8.075
          5.600	  8.005
          5.604	  8.260
          5.608	  8.580
          5.612	  8.910
          5.616	  9.085
          5.620	  9.100
          5.624	  9.055
          5.628	  8.985
          5.632	  8.945
          5.636	  8.910
          5.640	  8.915
          5.644	  8.905
          5.648	  8.905
          5.652	  8.910
          5.656	  8.960
          5.660	  8.995
          5.664	  8.985
          5.668	  8.985
          5.672	  8.995
          5.676	  8.995
          5.680	  8.985
          5.684	  9.000
          5.688	  8.995
          5.692	  9.015
          5.696	  9.015
          5.700	  9.020
          5.704	  9.015
          5.708	  9.050
          5.712	  9.015
          5.716	  9.015
          5.720	  9.015
          5.724	  8.995
          5.728	  9.020
          5.732	  9.020
          5.736	  9.015
          5.740	  9.020
          5.744	  9.015
          5.748	  9.015
          5.752	  9.020
          5.756	  8.995
          5.760	  9.015
          5.764	  9.020
          5.768	  9.015
          5.772	  9.045
          5.776	  9.020
          5.780	  9.020
          5.784	  9.015
          5.788	  9.015
          5.792	  9.015
          5.796	  9.020
          5.800	  9.015
          5.804	  9.015
          5.808	  9.015
          5.812	  9.015
          5.816	  9.015
          5.820	  8.995
          5.824	  8.995
          5.828	  8.985
          5.832	  8.985
          5.836	  8.975
          5.840	  8.985
          5.844	  8.975
          5.848	  8.985
          5.852	  8.985
          5.856	  8.985
          5.860	  8.985
          5.864	  8.975
          5.868	  8.985
          5.872	  8.985
          5.876	  8.995
          5.880	  8.975
          5.884	  8.995
          5.888	  9.015
          5.892	  9.015
          5.896	  9.000
          5.900	  9.030
          5.904	  9.020
          5.908	  9.030
          5.912	  9.030
          5.916	  9.030
          5.920	  9.050
          5.924	  9.070
          5.928	  9.080
          5.932	  9.085
          5.936	  9.105
          5.940	  9.105
          5.944	  9.160
          5.948	  9.135
          5.952	  9.155
          5.956	  9.160
          5.960	  9.160
          5.964	  9.170
          5.968	  9.160
          5.972	  9.160
          5.976	  9.160
          5.980	  9.160
          5.984	  9.140
          5.988	  9.135
          5.992	  9.155
          5.996	  9.135
          6.000	  9.135
          6.004	  9.135
          6.008	  9.140
          6.012	  9.105
          6.016	  9.085
          6.020	  9.085
          6.024	  9.080
          6.028	  9.070
          6.032	  9.055
          6.036	  9.055
          6.040	  9.055
          6.044	  9.030
          6.048	  9.030
          6.052	  9.050
          6.056	  9.050
          6.060	  9.050
          6.064	  9.045
          6.068	  9.030
          6.072	  9.050
          6.076	  9.045
          6.080	  9.050
          6.084	  9.050
          6.088	  9.050
          6.092	  9.050
          6.096	  9.050
          6.100	  9.055
          6.104	  9.050
          6.108	  9.050
          6.112	  9.050
          6.116	  9.100
          6.120	  9.055
          6.124	  9.050
          6.128	  9.055
          6.132	  9.055
          6.136	  9.070
          6.140	  9.070
          6.144	  9.055
          6.148	  9.070
          6.152	  9.070
          6.156	  9.070
          6.160	  9.030
          6.164	  9.055
          6.168	  9.055
          6.172	  9.055
          6.176	  9.055
          6.180	  9.105
          6.184	  9.070
          6.188	  9.070
          6.192	  9.070
          6.196	  9.055
          6.200	  9.055
          6.204	  9.070
          6.208	  9.080
          6.212	  9.070
          6.216	  9.080
          6.220	  9.070
          6.224	  9.055
          6.228	  9.055
          6.232	  9.070
          6.236	  9.055
          6.240	  9.055
          6.244	  9.070
          6.248	  9.055
          6.252	  9.055
          6.256	  9.055
          6.260	  9.055
          6.264	  9.055
          6.268	  9.055
          6.272	  9.055
          6.276	  9.055
          6.280	  9.055
          6.284	  9.055
          6.288	  9.055
          6.292	  9.070
          6.296	  9.070
          6.300	  9.055
          6.304	  9.050
          6.308	  9.055
          6.312	  9.055
          6.316	  9.055
          6.320	  9.055
          6.324	  9.050
          6.328	  9.055
          6.332	  9.055
          6.336	  9.055
          6.340	  9.055
          6.344	  9.070
          6.348	  9.070
          6.352	  9.105
          6.356	  9.055
          6.360	  9.055
          6.364	  9.055
          6.368	  9.050
          6.372	  9.055
          6.376	  9.050
          6.380	  9.055
          6.384	  9.055
          6.388	  9.070
          6.392	  9.080
          6.396	  9.070
          6.400	  9.070
          6.404	  9.055
          6.408	  9.070
          6.412	  9.055
          6.416	  9.085
          6.420	  9.055
          6.424	  9.070
          6.428	  9.070
          6.432	  9.055
          6.436	  9.055
          6.440	  9.070
          6.444	  9.070
          6.448	  9.055
          6.452	  9.070
          6.456	  9.055
          6.460	  9.055
          6.464	  9.080
          6.468	  9.080
          6.472	  9.080
          6.476	  9.080
          6.480	  9.085
          6.484	  9.080
          6.488	  9.070
          6.492	  9.055
          6.496	  9.055
          6.500	  9.055
          6.504	  9.070
          6.508	  9.055
          6.512	  9.055
          6.516	  9.055
          6.520	  9.055
          6.524	  9.070
          6.528	  9.055
          6.532	  9.055
          6.536	  9.055
          6.540	  9.055
          6.544	  9.070
          6.548	  9.055
          6.552	  9.070
          6.556	  9.055
          6.560	  9.055
          6.564	  9.055
          6.568	  9.055
          6.572	  9.070
          6.576	  9.050
          6.580	  9.050
          6.584	  9.055
          6.588	  9.085
          6.592	  9.050
          6.596	  9.070
          6.600	  9.055
          6.604	  9.050
          6.608	  9.055
          6.612	  9.070
          6.616	  9.070
          6.620	  9.070
          6.624	  9.055
          6.628	  9.070
          6.632	  9.055
          6.636	  9.050
          6.640	  9.070
          6.644	  9.050
          6.648	  9.050
          6.652	  9.085
          6.656	  9.055
          6.660	  9.055
          6.664	  9.045
          6.668	  9.045
          6.672	  9.050
          6.676	  9.055
          6.680	  9.050
          6.684	  9.050
          6.688	  9.050
          6.692	  9.050
          6.696	  9.055
          6.700	  9.050
          6.704	  9.055
          6.708	  9.055
          6.712	  9.050
          6.716	  9.050
          6.720	  9.050
          6.724	  9.055
          6.728	  9.070
          6.732	  9.050
          6.736	  9.050
          6.740	  9.050
          6.744	  9.050
          6.748	  9.055
          6.752	  9.055
          6.756	  9.055
          6.760	  9.100
          6.764	  9.050
          6.768	  9.055
          6.772	  9.055
          6.776	  9.050
          6.780	  9.055
          6.784	  9.055
          6.788	  9.055
          6.792	  9.050
          6.796	  9.050
          6.800	  9.050
          6.804	  9.020
          6.808	  9.055
          6.812	  9.050
          6.816	  9.050
          6.820	  9.050
          6.824	  9.085
          6.828	  9.055
          6.832	  9.050
          6.836	  9.055
          6.840	  9.055
          6.844	  9.050
          6.848	  9.050
          6.852	  9.055
          6.856	  9.050
          6.860	  9.050
          6.864	  9.050
          6.868	  9.050
          6.872	  9.055
          6.876	  9.050
          6.880	  9.050
          6.884	  9.055
          6.888	  9.070
          6.892	  9.050
          6.896	  9.050
          6.900	  9.050
          6.904	  9.055
          6.908	  9.055
          6.912	  9.055
          6.916	  9.055
          6.920	  9.055
          6.924	  9.050
          6.928	  9.050
          6.932	  9.055
          6.936	  9.050
          6.940	  9.050
          6.944	  9.055
          6.948	  9.055
          6.952	  9.055
          6.956	  9.055
          6.960	  9.055
          6.964	  9.055
          6.968	  9.055
          6.972	  9.055
          6.976	  9.055
          6.980	  9.080
          6.984	  9.085
          6.988	  9.085
          6.992	  9.085
          6.996	  9.135
          7.000	  9.085
          7.004	  9.085
          7.008	  9.085
          7.012	  9.055
          7.016	  9.055
          7.020	  9.050
          7.024	  9.050
          7.028	  9.055
          7.032	  9.050
          7.036	  9.045
          7.040	  9.050
          7.044	  9.050
          7.048	  9.045
          7.052	  9.030
          7.056	  9.030
          7.060	  9.055
          7.064	  9.045
          7.068	  9.030
          7.072	  9.030
          7.076	  9.045
          7.080	  9.030
          7.084	  9.030
          7.088	  9.030
          7.092	  9.045
          7.096	  9.030
          7.100	  9.030
          7.104	  9.045
          7.108	  9.045
          7.112	  9.030
          7.116	  9.050
          7.120	  9.100
          7.124	  9.140
          7.128	  9.100
          7.132	  9.030
          7.136	  8.975
          7.140	  8.860
          7.144	  8.685
          7.148	  8.490
          7.152	  8.380
          7.156	  8.230
          7.160	  8.155
          7.164	  8.320
          7.168	  8.600
          7.172	  8.915
          7.176	  9.105
          7.180	  9.115
          7.184	  9.105
          7.188	  9.055
          7.192	  8.995
          7.196	  8.975
          7.200	  8.960
          7.204	  8.945
          7.208	  8.940
          7.212	  8.940
          7.216	  8.960
          7.220	  8.985
          7.224	  9.015
          7.228	  9.015
          7.232	  9.050
          7.236	  9.020
          7.240	  9.030
          7.244	  9.030
          7.248	  9.030
          7.252	  9.030
          7.256	  9.030
          7.260	  9.030
          7.264	  9.030
          7.268	  9.030
          7.272	  9.030
          7.276	  9.030
          7.280	  9.030
          7.284	  9.045
          7.288	  9.030
          7.292	  9.020
          7.296	  9.055
          7.300	  9.045
          7.304	  9.030
          7.308	  9.030
          7.312	  9.030
          7.316	  9.045
          7.320	  9.045
          7.324	  9.030
          7.328	  9.030
          7.332	  9.030
          7.336	  9.030
          7.340	  9.030
          7.344	  9.045
          7.348	  9.030
          7.352	  9.030
          7.356	  9.030
          7.360	  9.045
          7.364	  9.045
          7.368	  9.030
          7.372	  9.015
          7.376	  9.020
          7.380	  9.030
          7.384	  9.015
          7.388	  9.015
          7.392	  9.030
          7.396	  9.030
          7.400	  9.015
          7.404	  9.050
          7.408	  9.015
          7.412	  9.015
          7.416	  9.015
          7.420	  9.015
          7.424	  9.015
          7.428	  9.020
          7.432	  9.015
          7.436	  9.000
          7.440	  9.015
          7.444	  9.015
          7.448	  8.995
          7.452	  9.020
          7.456	  9.030
          7.460	  9.045
          7.464	  9.045
          7.468	  9.085
          7.472	  9.055
          7.476	  9.055
          7.480	  9.080
          7.484	  9.085
          7.488	  9.085
          7.492	  9.100
          7.496	  9.115
          7.500	  9.125
          7.504	  9.135
          7.508	  9.140
          7.512	  9.160
          7.516	  9.160
          7.520	  9.170
          7.524	  9.185
          7.528	  9.185
          7.532	  9.195
          7.536	  9.185
          7.540	  9.170
          7.544	  9.170
          7.548	  9.170
          7.552	  9.160
          7.556	  9.160
          7.560	  9.140
          7.564	  9.135
          7.568	  9.125
          7.572	  9.105
          7.576	  9.115
          7.580	  9.105
          7.584	  9.105
          7.588	  9.100
          7.592	  9.080
          7.596	  9.085
          7.600	  9.070
          7.604	  9.080
          7.608	  9.070
          7.612	  9.055
          7.616	  9.050
          7.620	  9.055
          7.624	  9.055
          7.628	  9.070
          7.632	  9.050
          7.636	  9.055
          7.640	  9.085
          7.644	  9.070
          7.648	  9.050
          7.652	  9.055
          7.656	  9.055
          7.660	  9.055
          7.664	  9.055
          7.668	  9.055
          7.672	  9.055
          7.676	  9.055
          7.680	  9.055
          7.684	  9.055
          7.688	  9.070
          7.692	  9.055
          7.696	  9.055
          7.700	  9.070
          7.704	  9.100
          7.708	  9.055
          7.712	  9.085
          7.716	  9.100
          7.720	  9.085
          7.724	  9.085
          7.728	  9.080
          7.732	  9.085
          7.736	  9.085
          7.740	  9.080
          7.744	  9.055
          7.748	  9.080
          7.752	  9.080
          7.756	  9.085
          7.760	  9.070
          7.764	  9.070
          7.768	  9.085
          7.772	  9.085
          7.776	  9.085
          7.780	  9.080
          7.784	  9.070
          7.788	  9.070
          7.792	  9.055
          7.796	  9.080
          7.800	  9.080
          7.804	  9.080
          7.808	  9.055
          7.812	  9.085
          7.816	  9.080
          7.820	  9.080
          7.824	  9.055
          7.828	  9.055
          7.832	  9.080
          7.836	  9.070
          7.840	  9.080
          7.844	  9.055
          7.848	  9.080
          7.852	  9.055
          7.856	  9.055
          7.860	  9.070
          7.864	  9.080
          7.868	  9.080
          7.872	  9.080
          7.876	  9.105
          7.880	  9.080
          7.884	  9.080
          7.888	  9.085
          7.892	  9.080
          7.896	  9.080
          7.900	  9.070
          7.904	  9.070
          7.908	  9.085
          7.912	  9.070
          7.916	  9.080
          7.920	  9.055
          7.924	  9.070
          7.928	  9.070
          7.932	  9.085
          7.936	  9.080
          7.940	  9.105
          7.944	  9.080
          7.948	  9.070
          7.952	  9.085
          7.956	  9.080
          7.960	  9.080
          7.964	  9.080
          7.968	  9.070
          7.972	  9.080
          7.976	  9.070
          7.980	  9.070
          7.984	  9.080
          7.988	  9.085
          7.992	  9.085
          7.996	  9.080
          8.000	  9.070
          8.004	  9.070
          8.008	  9.080
          8.012	  9.070
          8.016	  9.085
          8.020	  9.080
          8.024	  9.080
          8.028	  9.070
          8.032	  9.080
          8.036	  9.070
          8.040	  9.070
          8.044	  9.070
          8.048	  9.115
          8.052	  9.070
          8.056	  9.080
          8.060	  9.080
          8.064	  9.055
          8.068	  9.100
          8.072	  9.080
          8.076	  9.080
          8.080	  9.055
          8.084	  9.080
          8.088	  9.070
          8.092	  9.050
          8.096	  9.055
          8.100	  9.080
          8.104	  9.070
          8.108	  9.055
          8.112	  9.105
          8.116	  9.055
          8.120	  9.070
          8.124	  9.055
          8.128	  9.055
          8.132	  9.055
          8.136	  9.070
          8.140	  9.070
          8.144	  9.055
          8.148	  9.070
          8.152	  9.055
          8.156	  9.080
          8.160	  9.055
          8.164	  9.055
          8.168	  9.055
          8.172	  9.070
          8.176	  9.055
          8.180	  9.055
          8.184	  9.055
          8.188	  9.050
          8.192	  9.050
          8.196	  9.055
          8.200	  9.055
          8.204	  9.055
          8.208	  9.070
          8.212	  9.070
          8.216	  9.050
          8.220	  9.055
          8.224	  9.055
          8.228	  9.070
          8.232	  9.055
          8.236	  9.055
          8.240	  9.055
          8.244	  9.050
          8.248	  9.055
          8.252	  9.050
          8.256	  9.050
          8.260	  9.050
          8.264	  9.055
          8.268	  9.055
          8.272	  9.050
          8.276	  9.050
          8.280	  9.055
          8.284	  9.085
          8.288	  9.050
          8.292	  9.055
          8.296	  9.050
          8.300	  9.050
          8.304	  9.055
          8.308	  9.055
          8.312	  9.050
          8.316	  9.050
          8.320	  9.055
          8.324	  9.050
          8.328	  9.055
          8.332	  9.050
          8.336	  9.050
          8.340	  9.050
          8.344	  9.045
          8.348	  9.080
          8.352	  9.055
          8.356	  9.055
          8.360	  9.045
          8.364	  9.045
          8.368	  9.045
          8.372	  9.045
          8.376	  9.050
          8.380	  9.050
          8.384	  9.050
          8.388	  9.050
          8.392	  9.050
          8.396	  9.050
          8.400	  9.045
          8.404	  9.050
          8.408	  9.050
          8.412	  9.050
          8.416	  9.050
          8.420	  9.050
          8.424	  9.050
          8.428	  9.055
          8.432	  9.050
          8.436	  9.050
          8.440	  9.045
          8.444	  9.050
          8.448	  9.050
          8.452	  9.050
          8.456	  9.055
          8.460	  9.050
          8.464	  9.045
          8.468	  9.050
          8.472	  9.045
          8.476	  9.070
          8.480	  9.050
          8.484	  9.055
          8.488	  9.050
          8.492	  9.045
          8.496	  9.030
          8.500	  9.030
          8.504	  9.045
          8.508	  9.045
          8.512	  9.045
          8.516	  9.045
          8.520	  9.070
          8.524	  9.030
          8.528	  9.050
          8.532	  9.050
          8.536	  9.050
          8.540	  9.055
          8.544	  9.050
          8.548	  9.050
          8.552	  9.030
          8.556	  9.030
          8.560	  9.020
          8.564	  9.030
          8.568	  9.030
          8.572	  9.045
          8.576	  9.050
          8.580	  9.030
          8.584	  9.070
          8.588	  9.045
          8.592	  9.030
          8.596	  9.030
          8.600	  9.045
          8.604	  9.030
          8.608	  9.030
          8.612	  9.045
          8.616	  9.045
          8.620	  9.030
          8.624	  9.030
          8.628	  9.050
          8.632	  9.050
          8.636	  9.045
          8.640	  9.050
          8.644	  9.045
          8.648	  9.050
          8.652	  9.045
          8.656	  9.030
          8.660	  9.045
          8.664	  9.030
          8.668	  9.045
          8.672	  9.045
          8.676	  9.050
          8.680	  9.055
          8.684	  9.105
          8.688	  9.160
          8.692	  9.210
          8.696	  9.100
          8.700	  9.020
          8.704	  8.910
          8.708	  8.750
          8.712	  8.545
          8.716	  8.380
          8.720	  8.210
          8.724	  8.065
          8.728	  8.050
          8.732	  8.285
          8.736	  8.635
          8.740	  8.965
          8.744	  9.125
          8.748	  9.125
          8.752	  9.100
          8.756	  9.055
          8.760	  8.995
          8.764	  8.965
          8.768	  8.945
          8.772	  8.960
          8.776	  8.960
          8.780	  8.960
          8.784	  8.985
          8.788	  9.045
          8.792	  9.050
          8.796	  9.030
          8.800	  9.050
          8.804	  9.050
          8.808	  9.055
          8.812	  9.045
          8.816	  9.050
          8.820	  9.055
          8.824	  9.055
          8.828	  9.070
          8.832	  9.050
          8.836	  9.050
          8.840	  9.055
          8.844	  9.055
          8.848	  9.050
          8.852	  9.055
          8.856	  9.055
          8.860	  9.050
          8.864	  9.055
          8.868	  9.055
          8.872	  9.055
          8.876	  9.055
          8.880	  9.055
          8.884	  9.055
          8.888	  9.055
          8.892	  9.055
          8.896	  9.050
          8.900	  9.055
          8.904	  9.050
          8.908	  9.050
          8.912	  9.055
          8.916	  9.070
          8.920	  9.055
          8.924	  9.050
          8.928	  9.085
          8.932	  9.055
          8.936	  9.050
          8.940	  9.045
          8.944	  9.045
          8.948	  9.055
          8.952	  9.050
          8.956	  9.045
          8.960	  9.045
          8.964	  9.045
          8.968	  9.045
          8.972	  9.050
          8.976	  9.030
          8.980	  9.030
          8.984	  9.045
          8.988	  9.030
          8.992	  9.055
          8.996	  9.045
          9.000	  9.045
          9.004	  9.045
          9.008	  9.030
          9.012	  9.050
          9.016	  9.055
          9.020	  9.050
          9.024	  9.055
          9.028	  9.070
          9.032	  9.055
          9.036	  9.055
          9.040	  9.080
          9.044	  9.100
          9.048	  9.100
          9.052	  9.105
          9.056	  9.125
          9.060	  9.135
          9.064	  9.125
          9.068	  9.135
          9.072	  9.155
          9.076	  9.160
          9.080	  9.170
          9.084	  9.185
          9.088	  9.195
          9.092	  9.210
          9.096	  9.190
          9.100	  9.240
          9.104	  9.195
          9.108	  9.210
          9.112	  9.190
          9.116	  9.185
          9.120	  9.185
          9.124	  9.170
          9.128	  9.170
          9.132	  9.170
          9.136	  9.155
          9.140	  9.140
          9.144	  9.115
          9.148	  9.125
          9.152	  9.105
          9.156	  9.105
          9.160	  9.085
          9.164	  9.125
          9.168	  9.055
          9.172	  9.080
          9.176	  9.070
          9.180	  9.055
          9.184	  9.055
          9.188	  9.055
          9.192	  9.050
          9.196	  9.050
          9.200	  9.050
          9.204	  9.050
          9.208	  9.055
          9.212	  9.055
          9.216	  9.050
          9.220	  9.045
          9.224	  9.050
          9.228	  9.080
          9.232	  9.050
          9.236	  9.055
          9.240	  9.050
          9.244	  9.050
          9.248	  9.050
          9.252	  9.055
          9.256	  9.055
          9.260	  9.055
          9.264	  9.055
          9.268	  9.050
          9.272	  9.055
          9.276	  9.050
          9.280	  9.055
          9.284	  9.050
          9.288	  9.055
          9.292	  9.070
          9.296	  9.050
          9.300	  9.050
          9.304	  9.050
          9.308	  9.055
          9.312	  9.055
          9.316	  9.055
          9.320	  9.055
          9.324	  9.070
          9.328	  9.055
          9.332	  9.070
          9.336	  9.100
          9.340	  9.070
          9.344	  9.055
          9.348	  9.055
          9.352	  9.055
          9.356	  9.080
          9.360	  9.055
          9.364	  9.055
          9.368	  9.055
          9.372	  9.055
          9.376	  9.055
          9.380	  9.055
          9.384	  9.055
          9.388	  9.055
          9.392	  9.055
          9.396	  9.050
          9.400	  9.100
          9.404	  9.055
          9.408	  9.055
          9.412	  9.055
          9.416	  9.055
          9.420	  9.055
          9.424	  9.055
          9.428	  9.070
          9.432	  9.055
          9.436	  9.050
          9.440	  9.055
          9.444	  9.055
          9.448	  9.055
          9.452	  9.070
          9.456	  9.055
          9.460	  9.050
          9.464	  9.080
          9.468	  9.055
          9.472	  9.055
          9.476	  9.055
          9.480	  9.050
          9.484	  9.050
          9.488	  9.050
          9.492	  9.070
          9.496	  9.055
          9.500	  9.055
          9.504	  9.050
          9.508	  9.055
          9.512	  9.055
          9.516	  9.055
          9.520	  9.050
          9.524	  9.050
          9.528	  9.055
          9.532	  9.055
          9.536	  9.050
          9.540	  9.055
          9.544	  9.050
          9.548	  9.050
          9.552	  9.055
          9.556	  9.050
          9.560	  9.050
          9.564	  9.050
          9.568	  9.050
          9.572	  9.100
          9.576	  9.055
          9.580	  9.050
          9.584	  9.050
          9.588	  9.050
          9.592	  9.050
          9.596	  9.045
          9.600	  9.050
          9.604	  9.055
          9.608	  9.050
          9.612	  9.050
          9.616	  9.055
          9.620	  9.070
          9.624	  9.050
          9.628	  9.050
          9.632	  9.050
          9.636	  9.085
          9.640	  9.050
          9.644	  9.050
          9.648	  9.050
          9.652	  9.055
          9.656	  9.050
          9.660	  9.050
          9.664	  9.050
          9.668	  9.055
          9.672	  9.050
          9.676	  9.050
          9.680	  9.050
          9.684	  9.050
          9.688	  9.030
          9.692	  9.030
          9.696	  9.030
          9.700	  9.050
          9.704	  9.045
          9.708	  9.030
          9.712	  9.045
          9.716	  9.045
          9.720	  9.030
          9.724	  9.030
          9.728	  9.045
          9.732	  9.045
          9.736	  9.030
          9.740	  9.030
          9.744	  9.055
          9.748	  9.045
          9.752	  9.030
          9.756	  9.030
          9.760	  9.030
          9.764	  9.045
          9.768	  9.030
          9.772	  9.030
          9.776	  9.030
          9.780	  9.020
          9.784	  9.015
          9.788	  8.985
          9.792	  9.030
          9.796	  9.030
          9.800	  9.030
          9.804	  9.015
          9.808	  9.055
          9.812	  9.030
          9.816	  9.030
          9.820	  9.030
          9.824	  9.030
          9.828	  9.030
          9.832	  9.020
          9.836	  9.030
          9.840	  9.030
          9.844	  9.020
          9.848	  9.020
          9.852	  9.020
          9.856	  9.015
          9.860	  9.030
          9.864	  9.030
          9.868	  9.015
          9.872	  9.050
          9.876	  9.030
          9.880	  9.030
          9.884	  9.015
          9.888	  9.015
          9.892	  9.020
          9.896	  9.015
          9.900	  9.015
          9.904	  9.030
          9.908	  9.020
          9.912	  9.015
          9.916	  9.020
          9.920	  9.015
          9.924	  9.030
          9.928	  9.030
          9.932	  9.020
          9.936	  9.030
          9.940	  9.030
          9.944	  9.030
          9.948	  9.030
          9.952	  9.015
          9.956	  9.020
          9.960	  9.015
          9.964	  9.030
          9.968	  9.015
          9.972	  9.030
          9.976	  9.020
          9.980	  9.055
          9.984	  9.015
          9.988	  9.020
          9.992	  9.015
          9.996	  9.015
