          0.000	  3.460
          0.004	  3.460
          0.008	  3.445
          0.012	  3.440
          0.016	  3.440
          0.020	  3.430
          0.024	  3.425
          0.028	  3.425
          0.032	  3.400
          0.036	  3.390
          0.040	  3.375
          0.044	  3.370
          0.048	  3.365
          0.052	  3.330
          0.056	  3.330
          0.060	  3.315
          0.064	  3.305
          0.068	  3.270
          0.072	  3.265
          0.076	  3.245
          0.080	  3.230
          0.084	  3.210
          0.088	  3.185
          0.092	  3.185
          0.096	  3.165
          0.100	  3.155
          0.104	  3.145
          0.108	  3.135
          0.112	  3.120
          0.116	  3.090
          0.120	  3.100
          0.124	  3.100
          0.128	  3.100
          0.132	  3.110
          0.136	  3.115
          0.140	  3.120
          0.144	  3.130
          0.148	  3.145
          0.152	  3.150
          0.156	  3.155
          0.160	  3.185
          0.164	  3.215
          0.168	  3.245
          0.172	  3.255
          0.176	  3.290
          0.180	  3.310
          0.184	  3.355
          0.188	  3.385
          0.192	  3.410
          0.196	  3.445
          0.200	  3.470
          0.204	  3.480
          0.208	  3.500
          0.212	  3.505
          0.216	  3.530
          0.220	  3.540
          0.224	  3.540
          0.228	  3.550
          0.232	  3.550
          0.236	  3.565
          0.240	  3.580
          0.244	  3.580
          0.248	  3.585
          0.252	  3.585
          0.256	  3.585
          0.260	  3.585
          0.264	  3.590
          0.268	  3.585
          0.272	  3.585
          0.276	  3.585
          0.280	  3.585
          0.284	  3.585
          0.288	  3.550
          0.292	  3.570
          0.296	  3.580
          0.300	  3.580
          0.304	  3.565
          0.308	  3.560
          0.312	  3.560
          0.316	  3.560
          0.320	  3.560
          0.324	  3.560
          0.328	  3.570
          0.332	  3.560
          0.336	  3.560
          0.340	  3.565
          0.344	  3.560
          0.348	  3.570
          0.352	  3.545
          0.356	  3.560
          0.360	  3.570
          0.364	  3.565
          0.368	  3.570
          0.372	  3.560
          0.376	  3.585
          0.380	  3.580
          0.384	  3.585
          0.388	  3.585
          0.392	  3.585
          0.396	  3.600
          0.400	  3.600
          0.404	  3.590
          0.408	  3.600
          0.412	  3.605
          0.416	  3.580
          0.420	  3.605
          0.424	  3.610
          0.428	  3.620
          0.432	  3.610
          0.436	  3.620
          0.440	  3.625
          0.444	  3.620
          0.448	  3.605
          0.452	  3.620
          0.456	  3.620
          0.460	  3.620
          0.464	  3.610
          0.468	  3.620
          0.472	  3.630
          0.476	  3.625
          0.480	  3.630
          0.484	  3.630
          0.488	  3.640
          0.492	  3.630
          0.496	  3.630
          0.500	  3.625
          0.504	  3.640
          0.508	  3.640
          0.512	  3.625
          0.516	  3.625
          0.520	  3.640
          0.524	  3.675
          0.528	  3.655
          0.532	  3.640
          0.536	  3.640
          0.540	  3.640
          0.544	  3.645
          0.548	  3.640
          0.552	  3.640
          0.556	  3.640
          0.560	  3.645
          0.564	  3.640
          0.568	  3.655
          0.572	  3.660
          0.576	  3.660
          0.580	  3.655
          0.584	  3.645
          0.588	  3.675
          0.592	  3.645
          0.596	  3.655
          0.600	  3.655
          0.604	  3.665
          0.608	  3.660
          0.612	  3.665
          0.616	  3.660
          0.620	  3.660
          0.624	  3.660
          0.628	  3.660
          0.632	  3.665
          0.636	  3.660
          0.640	  3.645
          0.644	  3.660
          0.648	  3.645
          0.652	  3.665
          0.656	  3.665
          0.660	  3.665
          0.664	  3.665
          0.668	  3.660
          0.672	  3.660
          0.676	  3.660
          0.680	  3.660
          0.684	  3.665
          0.688	  3.665
          0.692	  3.655
          0.696	  3.665
          0.700	  3.660
          0.704	  3.660
          0.708	  3.665
          0.712	  3.665
          0.716	  3.675
          0.720	  3.675
          0.724	  3.675
          0.728	  3.665
          0.732	  3.665
          0.736	  3.660
          0.740	  3.665
          0.744	  3.680
          0.748	  3.665
          0.752	  3.665
          0.756	  3.660
          0.760	  3.695
          0.764	  3.675
          0.768	  3.665
          0.772	  3.660
          0.776	  3.665
          0.780	  3.680
          0.784	  3.665
          0.788	  3.660
          0.792	  3.675
          0.796	  3.660
          0.800	  3.660
          0.804	  3.660
          0.808	  3.675
          0.812	  3.665
          0.816	  3.660
          0.820	  3.660
          0.824	  3.685
          0.828	  3.665
          0.832	  3.660
          0.836	  3.665
          0.840	  3.665
          0.844	  3.655
          0.848	  3.660
          0.852	  3.665
          0.856	  3.665
          0.860	  3.665
          0.864	  3.660
          0.868	  3.660
          0.872	  3.665
          0.876	  3.660
          0.880	  3.665
          0.884	  3.665
          0.888	  3.665
          0.892	  3.665
          0.896	  3.675
          0.900	  3.665
          0.904	  3.645
          0.908	  3.665
          0.912	  3.665
          0.916	  3.660
          0.920	  3.665
          0.924	  3.660
          0.928	  3.660
          0.932	  3.660
          0.936	  3.665
          0.940	  3.660
          0.944	  3.665
          0.948	  3.645
          0.952	  3.665
          0.956	  3.660
          0.960	  3.660
          0.964	  3.665
          0.968	  3.660
          0.972	  3.640
          0.976	  3.660
          0.980	  3.640
          0.984	  3.640
          0.988	  3.630
          0.992	  3.640
          0.996	  3.660
          1.000	  3.630
          1.004	  3.640
          1.008	  3.640
          1.012	  3.625
          1.016	  3.640
          1.020	  3.630
          1.024	  3.625
          1.028	  3.630
          1.032	  3.630
          1.036	  3.620
          1.040	  3.625
          1.044	  3.625
          1.048	  3.620
          1.052	  3.625
          1.056	  3.620
          1.060	  3.585
          1.064	  3.590
          1.068	  3.590
          1.072	  3.580
          1.076	  3.580
          1.080	  3.585
          1.084	  3.585
          1.088	  3.600
          1.092	  3.605
          1.096	  3.610
          1.100	  3.610
          1.104	  3.605
          1.108	  3.600
          1.112	  3.610
          1.116	  3.620
          1.120	  3.610
          1.124	  3.610
          1.128	  3.610
          1.132	  3.620
          1.136	  3.630
          1.140	  3.625
          1.144	  3.630
          1.148	  3.630
          1.152	  3.630
          1.156	  3.620
          1.160	  3.625
          1.164	  3.610
          1.168	  3.585
          1.172	  3.605
          1.176	  3.590
          1.180	  3.550
          1.184	  3.465
          1.188	  3.400
          1.192	  3.465
          1.196	  3.500
          1.200	  3.510
          1.204	  3.470
          1.208	  3.390
          1.212	  3.310
          1.216	  3.175
          1.220	  3.020
          1.224	  3.010
          1.228	  3.245
          1.232	  3.490
          1.236	  3.660
          1.240	  3.980
          1.244	  4.055
          1.248	  3.875
          1.252	  3.660
          1.256	  3.550
          1.260	  3.525
          1.264	  3.550
          1.268	  3.580
          1.272	  3.585
          1.276	  3.570
          1.280	  3.570
          1.284	  3.565
          1.288	  3.570
          1.292	  3.565
          1.296	  3.540
          1.300	  3.560
          1.304	  3.560
          1.308	  3.545
          1.312	  3.545
          1.316	  3.545
          1.320	  3.540
          1.324	  3.540
          1.328	  3.540
          1.332	  3.530
          1.336	  3.530
          1.340	  3.530
          1.344	  3.525
          1.348	  3.525
          1.352	  3.525
          1.356	  3.525
          1.360	  3.520
          1.364	  3.510
          1.368	  3.505
          1.372	  3.505
          1.376	  3.500
          1.380	  3.490
          1.384	  3.485
          1.388	  3.480
          1.392	  3.470
          1.396	  3.470
          1.400	  3.465
          1.404	  3.430
          1.408	  3.445
          1.412	  3.425
          1.416	  3.420
          1.420	  3.390
          1.424	  3.390
          1.428	  3.375
          1.432	  3.355
          1.436	  3.345
          1.440	  3.330
          1.444	  3.310
          1.448	  3.290
          1.452	  3.270
          1.456	  3.250
          1.460	  3.230
          1.464	  3.225
          1.468	  3.175
          1.472	  3.175
          1.476	  3.155
          1.480	  3.155
          1.484	  3.145
          1.488	  3.130
          1.492	  3.110
          1.496	  3.100
          1.500	  3.095
          1.504	  3.095
          1.508	  3.100
          1.512	  3.110
          1.516	  3.095
          1.520	  3.100
          1.524	  3.110
          1.528	  3.115
          1.532	  3.120
          1.536	  3.150
          1.540	  3.155
          1.544	  3.185
          1.548	  3.225
          1.552	  3.255
          1.556	  3.275
          1.560	  3.325
          1.564	  3.350
          1.568	  3.390
          1.572	  3.425
          1.576	  3.440
          1.580	  3.480
          1.584	  3.500
          1.588	  3.510
          1.592	  3.530
          1.596	  3.540
          1.600	  3.550
          1.604	  3.570
          1.608	  3.585
          1.612	  3.585
          1.616	  3.585
          1.620	  3.585
          1.624	  3.590
          1.628	  3.585
          1.632	  3.590
          1.636	  3.600
          1.640	  3.570
          1.644	  3.590
          1.648	  3.590
          1.652	  3.585
          1.656	  3.605
          1.660	  3.590
          1.664	  3.590
          1.668	  3.590
          1.672	  3.600
          1.676	  3.585
          1.680	  3.605
          1.684	  3.590
          1.688	  3.605
          1.692	  3.605
          1.696	  3.605
          1.700	  3.605
          1.704	  3.585
          1.708	  3.605
          1.712	  3.605
          1.716	  3.610
          1.720	  3.600
          1.724	  3.620
          1.728	  3.620
          1.732	  3.620
          1.736	  3.610
          1.740	  3.620
          1.744	  3.610
          1.748	  3.625
          1.752	  3.625
          1.756	  3.620
          1.760	  3.625
          1.764	  3.625
          1.768	  3.640
          1.772	  3.630
          1.776	  3.630
          1.780	  3.640
          1.784	  3.640
          1.788	  3.640
          1.792	  3.645
          1.796	  3.655
          1.800	  3.660
          1.804	  3.655
          1.808	  3.645
          1.812	  3.680
          1.816	  3.665
          1.820	  3.665
          1.824	  3.680
          1.828	  3.665
          1.832	  3.685
          1.836	  3.685
          1.840	  3.685
          1.844	  3.685
          1.848	  3.685
          1.852	  3.685
          1.856	  3.695
          1.860	  3.680
          1.864	  3.695
          1.868	  3.695
          1.872	  3.695
          1.876	  3.725
          1.880	  3.695
          1.884	  3.695
          1.888	  3.700
          1.892	  3.700
          1.896	  3.695
          1.900	  3.695
          1.904	  3.695
          1.908	  3.695
          1.912	  3.695
          1.916	  3.695
          1.920	  3.700
          1.924	  3.695
          1.928	  3.705
          1.932	  3.700
          1.936	  3.705
          1.940	  3.725
          1.944	  3.705
          1.948	  3.700
          1.952	  3.695
          1.956	  3.695
          1.960	  3.695
          1.964	  3.705
          1.968	  3.700
          1.972	  3.695
          1.976	  3.705
          1.980	  3.705
          1.984	  3.700
          1.988	  3.705
          1.992	  3.705
          1.996	  3.700
          2.000	  3.705
          2.004	  3.715
          2.008	  3.700
          2.012	  3.720
          2.016	  3.720
          2.020	  3.720
          2.024	  3.720
          2.028	  3.715
          2.032	  3.720
          2.036	  3.725
          2.040	  3.720
          2.044	  3.715
          2.048	  3.740
          2.052	  3.725
          2.056	  3.720
          2.060	  3.725
          2.064	  3.715
          2.068	  3.725
          2.072	  3.725
          2.076	  3.720
          2.080	  3.720
          2.084	  3.725
          2.088	  3.720
          2.092	  3.720
          2.096	  3.720
          2.100	  3.735
          2.104	  3.735
          2.108	  3.720
          2.112	  3.745
          2.116	  3.725
          2.120	  3.725
          2.124	  3.725
          2.128	  3.725
          2.132	  3.725
          2.136	  3.735
          2.140	  3.720
          2.144	  3.725
          2.148	  3.725
          2.152	  3.720
          2.156	  3.735
          2.160	  3.735
          2.164	  3.740
          2.168	  3.735
          2.172	  3.725
          2.176	  3.745
          2.180	  3.725
          2.184	  3.725
          2.188	  3.725
          2.192	  3.735
          2.196	  3.740
          2.200	  3.745
          2.204	  3.740
          2.208	  3.745
          2.212	  3.740
          2.216	  3.720
          2.220	  3.740
          2.224	  3.735
          2.228	  3.740
          2.232	  3.725
          2.236	  3.720
          2.240	  3.725
          2.244	  3.725
          2.248	  3.725
          2.252	  3.720
          2.256	  3.720
          2.260	  3.715
          2.264	  3.720
          2.268	  3.720
          2.272	  3.720
          2.276	  3.725
          2.280	  3.720
          2.284	  3.745
          2.288	  3.720
          2.292	  3.700
          2.296	  3.720
          2.300	  3.715
          2.304	  3.715
          2.308	  3.715
          2.312	  3.720
          2.316	  3.705
          2.320	  3.700
          2.324	  3.705
          2.328	  3.705
          2.332	  3.700
          2.336	  3.705
          2.340	  3.705
          2.344	  3.700
          2.348	  3.715
          2.352	  3.695
          2.356	  3.695
          2.360	  3.695
          2.364	  3.695
          2.368	  3.695
          2.372	  3.695
          2.376	  3.705
          2.380	  3.700
          2.384	  3.705
          2.388	  3.695
          2.392	  3.695
          2.396	  3.700
          2.400	  3.695
          2.404	  3.695
          2.408	  3.675
          2.412	  3.685
          2.416	  3.675
          2.420	  3.680
          2.424	  3.665
          2.428	  3.665
          2.432	  3.665
          2.436	  3.640
          2.440	  3.640
          2.444	  3.620
          2.448	  3.625
          2.452	  3.605
          2.456	  3.645
          2.460	  3.630
          2.464	  3.645
          2.468	  3.660
          2.472	  3.655
          2.476	  3.645
          2.480	  3.630
          2.484	  3.655
          2.488	  3.665
          2.492	  3.660
          2.496	  3.660
          2.500	  3.675
          2.504	  3.665
          2.508	  3.665
          2.512	  3.675
          2.516	  3.660
          2.520	  3.695
          2.524	  3.660
          2.528	  3.660
          2.532	  3.660
          2.536	  3.660
          2.540	  3.655
          2.544	  3.660
          2.548	  3.640
          2.552	  3.610
          2.556	  3.530
          2.560	  3.480
          2.564	  3.500
          2.568	  3.530
          2.572	  3.550
          2.576	  3.520
          2.580	  3.425
          2.584	  3.295
          2.588	  3.150
          2.592	  2.970
          2.596	  2.930
          2.600	  3.150
          2.604	  3.445
          2.608	  3.600
          2.612	  3.990
          2.616	  4.145
          2.620	  3.995
          2.624	  3.760
          2.628	  3.625
          2.632	  3.570
          2.636	  3.590
          2.640	  3.625
          2.644	  3.620
          2.648	  3.610
          2.652	  3.605
          2.656	  3.590
          2.660	  3.585
          2.664	  3.585
          2.668	  3.590
          2.672	  3.585
          2.676	  3.570
          2.680	  3.570
          2.684	  3.570
          2.688	  3.565
          2.692	  3.530
          2.696	  3.560
          2.700	  3.560
          2.704	  3.565
          2.708	  3.560
          2.712	  3.540
          2.716	  3.545
          2.720	  3.540
          2.724	  3.530
          2.728	  3.530
          2.732	  3.545
          2.736	  3.525
          2.740	  3.525
          2.744	  3.520
          2.748	  3.505
          2.752	  3.505
          2.756	  3.480
          2.760	  3.490
          2.764	  3.480
          2.768	  3.480
          2.772	  3.470
          2.776	  3.470
          2.780	  3.450
          2.784	  3.440
          2.788	  3.420
          2.792	  3.400
          2.796	  3.390
          2.800	  3.370
          2.804	  3.355
          2.808	  3.335
          2.812	  3.325
          2.816	  3.305
          2.820	  3.255
          2.824	  3.255
          2.828	  3.230
          2.832	  3.205
          2.836	  3.190
          2.840	  3.170
          2.844	  3.150
          2.848	  3.135
          2.852	  3.110
          2.856	  3.095
          2.860	  3.080
          2.864	  3.070
          2.868	  3.055
          2.872	  3.040
          2.876	  3.030
          2.880	  3.030
          2.884	  3.040
          2.888	  3.040
          2.892	  3.040
          2.896	  3.050
          2.900	  3.070
          2.904	  3.095
          2.908	  3.100
          2.912	  3.115
          2.916	  3.145
          2.920	  3.185
          2.924	  3.225
          2.928	  3.245
          2.932	  3.295
          2.936	  3.335
          2.940	  3.370
          2.944	  3.400
          2.948	  3.430
          2.952	  3.465
          2.956	  3.480
          2.960	  3.505
          2.964	  3.525
          2.968	  3.545
          2.972	  3.550
          2.976	  3.565
          2.980	  3.565
          2.984	  3.585
          2.988	  3.585
          2.992	  3.565
          2.996	  3.590
          3.000	  3.605
          3.004	  3.605
          3.008	  3.605
          3.012	  3.600
          3.016	  3.610
          3.020	  3.600
          3.024	  3.600
          3.028	  3.605
          3.032	  3.600
          3.036	  3.605
          3.040	  3.590
          3.044	  3.600
          3.048	  3.590
          3.052	  3.605
          3.056	  3.590
          3.060	  3.605
          3.064	  3.610
          3.068	  3.605
          3.072	  3.605
          3.076	  3.585
          3.080	  3.605
          3.084	  3.605
          3.088	  3.610
          3.092	  3.620
          3.096	  3.610
          3.100	  3.605
          3.104	  3.625
          3.108	  3.620
          3.112	  3.630
          3.116	  3.625
          3.120	  3.630
          3.124	  3.640
          3.128	  3.645
          3.132	  3.640
          3.136	  3.640
          3.140	  3.640
          3.144	  3.660
          3.148	  3.660
          3.152	  3.660
          3.156	  3.655
          3.160	  3.660
          3.164	  3.675
          3.168	  3.660
          3.172	  3.675
          3.176	  3.680
          3.180	  3.665
          3.184	  3.675
          3.188	  3.665
          3.192	  3.680
          3.196	  3.680
          3.200	  3.685
          3.204	  3.680
          3.208	  3.680
          3.212	  3.685
          3.216	  3.685
          3.220	  3.665
          3.224	  3.680
          3.228	  3.700
          3.232	  3.685
          3.236	  3.680
          3.240	  3.695
          3.244	  3.685
          3.248	  3.695
          3.252	  3.695
          3.256	  3.695
          3.260	  3.695
          3.264	  3.685
          3.268	  3.685
          3.272	  3.705
          3.276	  3.695
          3.280	  3.700
          3.284	  3.695
          3.288	  3.695
          3.292	  3.700
          3.296	  3.705
          3.300	  3.705
          3.304	  3.695
          3.308	  3.695
          3.312	  3.695
          3.316	  3.695
          3.320	  3.715
          3.324	  3.715
          3.328	  3.715
          3.332	  3.695
          3.336	  3.725
          3.340	  3.700
          3.344	  3.700
          3.348	  3.705
          3.352	  3.720
          3.356	  3.720
          3.360	  3.715
          3.364	  3.700
          3.368	  3.700
          3.372	  3.715
          3.376	  3.720
          3.380	  3.725
          3.384	  3.725
          3.388	  3.725
          3.392	  3.740
          3.396	  3.725
          3.400	  3.755
          3.404	  3.725
          3.408	  3.725
          3.412	  3.725
          3.416	  3.720
          3.420	  3.715
          3.424	  3.725
          3.428	  3.725
          3.432	  3.725
          3.436	  3.725
          3.440	  3.720
          3.444	  3.735
          3.448	  3.725
          3.452	  3.725
          3.456	  3.720
          3.460	  3.725
          3.464	  3.740
          3.468	  3.735
          3.472	  3.740
          3.476	  3.740
          3.480	  3.735
          3.484	  3.735
          3.488	  3.725
          3.492	  3.725
          3.496	  3.720
          3.500	  3.735
          3.504	  3.720
          3.508	  3.725
          3.512	  3.720
          3.516	  3.725
          3.520	  3.720
          3.524	  3.725
          3.528	  3.725
          3.532	  3.725
          3.536	  3.725
          3.540	  3.725
          3.544	  3.720
          3.548	  3.720
          3.552	  3.720
          3.556	  3.725
          3.560	  3.715
          3.564	  3.715
          3.568	  3.720
          3.572	  3.745
          3.576	  3.720
          3.580	  3.720
          3.584	  3.720
          3.588	  3.725
          3.592	  3.720
          3.596	  3.720
          3.600	  3.720
          3.604	  3.720
          3.608	  3.720
          3.612	  3.720
          3.616	  3.715
          3.620	  3.720
          3.624	  3.720
          3.628	  3.725
          3.632	  3.720
          3.636	  3.740
          3.640	  3.720
          3.644	  3.720
          3.648	  3.720
          3.652	  3.720
          3.656	  3.715
          3.660	  3.715
          3.664	  3.700
          3.668	  3.715
          3.672	  3.715
          3.676	  3.705
          3.680	  3.720
          3.684	  3.720
          3.688	  3.715
          3.692	  3.715
          3.696	  3.695
          3.700	  3.705
          3.704	  3.700
          3.708	  3.700
          3.712	  3.700
          3.716	  3.695
          3.720	  3.685
          3.724	  3.685
          3.728	  3.695
          3.732	  3.695
          3.736	  3.695
          3.740	  3.685
          3.744	  3.680
          3.748	  3.675
          3.752	  3.675
          3.756	  3.660
          3.760	  3.655
          3.764	  3.665
          3.768	  3.665
          3.772	  3.675
          3.776	  3.660
          3.780	  3.640
          3.784	  3.630
          3.788	  3.605
          3.792	  3.600
          3.796	  3.600
          3.800	  3.610
          3.804	  3.620
          3.808	  3.600
          3.812	  3.630
          3.816	  3.640
          3.820	  3.645
          3.824	  3.630
          3.828	  3.645
          3.832	  3.645
          3.836	  3.655
          3.840	  3.660
          3.844	  3.660
          3.848	  3.645
          3.852	  3.660
          3.856	  3.665
          3.860	  3.680
          3.864	  3.680
          3.868	  3.660
          3.872	  3.675
          3.876	  3.660
          3.880	  3.665
          3.884	  3.655
          3.888	  3.655
          3.892	  3.640
          3.896	  3.640
          3.900	  3.560
          3.904	  3.470
          3.908	  3.465
          3.912	  3.520
          3.916	  3.540
          3.920	  3.530
          3.924	  3.480
          3.928	  3.425
          3.932	  3.375
          3.936	  3.235
          3.940	  3.185
          3.944	  3.400
          3.948	  3.620
          3.952	  3.620
          3.956	  3.825
          3.960	  4.070
          3.964	  3.960
          3.968	  3.715
          3.972	  3.580
          3.976	  3.525
          3.980	  3.505
          3.984	  3.565
          3.988	  3.585
          3.992	  3.590
          3.996	  3.585
          4.000	  3.570
          4.004	  3.560
          4.008	  3.565
          4.012	  3.570
          4.016	  3.600
          4.020	  3.585
          4.024	  3.585
          4.028	  3.570
          4.032	  3.570
          4.036	  3.580
          4.040	  3.565
          4.044	  3.550
          4.048	  3.565
          4.052	  3.560
          4.056	  3.565
          4.060	  3.565
          4.064	  3.550
          4.068	  3.550
          4.072	  3.540
          4.076	  3.545
          4.080	  3.540
          4.084	  3.545
          4.088	  3.545
          4.092	  3.530
          4.096	  3.540
          4.100	  3.525
          4.104	  3.520
          4.108	  3.485
          4.112	  3.500
          4.116	  3.490
          4.120	  3.490
          4.124	  3.480
          4.128	  3.470
          4.132	  3.465
          4.136	  3.450
          4.140	  3.425
          4.144	  3.420
          4.148	  3.405
          4.152	  3.390
          4.156	  3.365
          4.160	  3.350
          4.164	  3.330
          4.168	  3.315
          4.172	  3.290
          4.176	  3.265
          4.180	  3.250
          4.184	  3.230
          4.188	  3.225
          4.192	  3.210
          4.196	  3.190
          4.200	  3.175
          4.204	  3.155
          4.208	  3.145
          4.212	  3.145
          4.216	  3.110
          4.220	  3.120
          4.224	  3.120
          4.228	  3.130
          4.232	  3.145
          4.236	  3.130
          4.240	  3.150
          4.244	  3.165
          4.248	  3.185
          4.252	  3.195
          4.256	  3.205
          4.260	  3.245
          4.264	  3.255
          4.268	  3.290
          4.272	  3.315
          4.276	  3.355
          4.280	  3.365
          4.284	  3.410
          4.288	  3.445
          4.292	  3.465
          4.296	  3.500
          4.300	  3.510
          4.304	  3.525
          4.308	  3.530
          4.312	  3.560
          4.316	  3.565
          4.320	  3.585
          4.324	  3.585
          4.328	  3.600
          4.332	  3.605
          4.336	  3.620
          4.340	  3.605
          4.344	  3.600
          4.348	  3.620
          4.352	  3.625
          4.356	  3.620
          4.360	  3.620
          4.364	  3.620
          4.368	  3.625
          4.372	  3.625
          4.376	  3.630
          4.380	  3.620
          4.384	  3.620
          4.388	  3.625
          4.392	  3.625
          4.396	  3.625
          4.400	  3.625
          4.404	  3.620
          4.408	  3.620
          4.412	  3.630
          4.416	  3.620
          4.420	  3.620
          4.424	  3.620
          4.428	  3.620
          4.432	  3.610
          4.436	  3.620
          4.440	  3.640
          4.444	  3.630
          4.448	  3.625
          4.452	  3.655
          4.456	  3.630
          4.460	  3.640
          4.464	  3.640
          4.468	  3.640
          4.472	  3.645
          4.476	  3.630
          4.480	  3.640
          4.484	  3.640
          4.488	  3.655
          4.492	  3.645
          4.496	  3.660
          4.500	  3.655
          4.504	  3.660
          4.508	  3.660
          4.512	  3.655
          4.516	  3.685
          4.520	  3.665
          4.524	  3.665
          4.528	  3.675
          4.532	  3.665
          4.536	  3.665
          4.540	  3.665
          4.544	  3.680
          4.548	  3.680
          4.552	  3.680
          4.556	  3.680
          4.560	  3.685
          4.564	  3.685
          4.568	  3.675
          4.572	  3.685
          4.576	  3.685
          4.580	  3.695
          4.584	  3.695
          4.588	  3.695
          4.592	  3.695
          4.596	  3.695
          4.600	  3.700
          4.604	  3.700
          4.608	  3.695
          4.612	  3.695
          4.616	  3.700
          4.620	  3.715
          4.624	  3.725
          4.628	  3.720
          4.632	  3.720
          4.636	  3.720
          4.640	  3.720
          4.644	  3.725
          4.648	  3.720
          4.652	  3.720
          4.656	  3.720
          4.660	  3.725
          4.664	  3.715
          4.668	  3.725
          4.672	  3.725
          4.676	  3.725
          4.680	  3.720
          4.684	  3.720
          4.688	  3.755
          4.692	  3.725
          4.696	  3.735
          4.700	  3.725
          4.704	  3.725
          4.708	  3.740
          4.712	  3.725
          4.716	  3.720
          4.720	  3.720
          4.724	  3.725
          4.728	  3.720
          4.732	  3.735
          4.736	  3.735
          4.740	  3.740
          4.744	  3.735
          4.748	  3.735
          4.752	  3.755
          4.756	  3.740
          4.760	  3.740
          4.764	  3.725
          4.768	  3.740
          4.772	  3.735
          4.776	  3.745
          4.780	  3.735
          4.784	  3.725
          4.788	  3.735
          4.792	  3.725
          4.796	  3.740
          4.800	  3.735
          4.804	  3.740
          4.808	  3.745
          4.812	  3.735
          4.816	  3.740
          4.820	  3.725
          4.824	  3.740
          4.828	  3.735
          4.832	  3.735
          4.836	  3.740
          4.840	  3.745
          4.844	  3.740
          4.848	  3.745
          4.852	  3.740
          4.856	  3.735
          4.860	  3.760
          4.864	  3.740
          4.868	  3.740
          4.872	  3.745
          4.876	  3.740
          4.880	  3.745
          4.884	  3.745
          4.888	  3.745
          4.892	  3.740
          4.896	  3.735
          4.900	  3.725
          4.904	  3.725
          4.908	  3.740
          4.912	  3.735
          4.916	  3.725
          4.920	  3.725
          4.924	  3.755
          4.928	  3.735
          4.932	  3.745
          4.936	  3.740
          4.940	  3.720
          4.944	  3.720
          4.948	  3.735
          4.952	  3.740
          4.956	  3.735
          4.960	  3.725
          4.964	  3.720
          4.968	  3.735
          4.972	  3.725
          4.976	  3.725
          4.980	  3.725
          4.984	  3.720
          4.988	  3.740
          4.992	  3.720
          4.996	  3.715
          5.000	  3.700
          5.004	  3.705
          5.008	  3.715
          5.012	  3.715
          5.016	  3.720
          5.020	  3.715
          5.024	  3.705
          5.028	  3.700
          5.032	  3.715
          5.036	  3.705
          5.040	  3.715
          5.044	  3.715
          5.048	  3.705
          5.052	  3.715
          5.056	  3.705
          5.060	  3.715
          5.064	  3.715
          5.068	  3.700
          5.072	  3.705
          5.076	  3.695
          5.080	  3.700
          5.084	  3.700
          5.088	  3.705
          5.092	  3.695
          5.096	  3.715
          5.100	  3.695
          5.104	  3.695
          5.108	  3.695
          5.112	  3.695
          5.116	  3.695
          5.120	  3.680
          5.124	  3.685
          5.128	  3.695
          5.132	  3.685
          5.136	  3.665
          5.140	  3.660
          5.144	  3.640
          5.148	  3.630
          5.152	  3.630
          5.156	  3.640
          5.160	  3.680
          5.164	  3.665
          5.168	  3.680
          5.172	  3.680
          5.176	  3.665
          5.180	  3.660
          5.184	  3.665
          5.188	  3.680
          5.192	  3.675
          5.196	  3.680
          5.200	  3.665
          5.204	  3.695
          5.208	  3.695
          5.212	  3.700
          5.216	  3.695
          5.220	  3.685
          5.224	  3.700
          5.228	  3.685
          5.232	  3.680
          5.236	  3.665
          5.240	  3.680
          5.244	  3.665
          5.248	  3.665
          5.252	  3.655
          5.256	  3.585
          5.260	  3.505
          5.264	  3.490
          5.268	  3.520
          5.272	  3.560
          5.276	  3.565
          5.280	  3.520
          5.284	  3.445
          5.288	  3.370
          5.292	  3.210
          5.296	  3.070
          5.300	  3.115
          5.304	  3.400
          5.308	  3.610
          5.312	  3.795
          5.316	  4.115
          5.320	  4.100
          5.324	  3.895
          5.328	  3.685
          5.332	  3.580
          5.336	  3.585
          5.340	  3.620
          5.344	  3.630
          5.348	  3.640
          5.352	  3.640
          5.356	  3.630
          5.360	  3.625
          5.364	  3.625
          5.368	  3.620
          5.372	  3.620
          5.376	  3.620
          5.380	  3.605
          5.384	  3.610
          5.388	  3.610
          5.392	  3.600
          5.396	  3.580
          5.400	  3.605
          5.404	  3.600
          5.408	  3.600
          5.412	  3.585
          5.416	  3.590
          5.420	  3.590
          5.424	  3.585
          5.428	  3.585
          5.432	  3.585
          5.436	  3.580
          5.440	  3.580
          5.444	  3.570
          5.448	  3.565
          5.452	  3.570
          5.456	  3.570
          5.460	  3.550
          5.464	  3.545
          5.468	  3.530
          5.472	  3.525
          5.476	  3.530
          5.480	  3.510
          5.484	  3.505
          5.488	  3.480
          5.492	  3.470
          5.496	  3.465
          5.500	  3.460
          5.504	  3.410
          5.508	  3.420
          5.512	  3.400
          5.516	  3.375
          5.520	  3.365
          5.524	  3.345
          5.528	  3.315
          5.532	  3.305
          5.536	  3.285
          5.540	  3.270
          5.544	  3.255
          5.548	  3.230
          5.552	  3.205
          5.556	  3.195
          5.560	  3.185
          5.564	  3.170
          5.568	  3.145
          5.572	  3.155
          5.576	  3.150
          5.580	  3.135
          5.584	  3.145
          5.588	  3.145
          5.592	  3.150
          5.596	  3.150
          5.600	  3.155
          5.604	  3.175
          5.608	  3.185
          5.612	  3.205
          5.616	  3.225
          5.620	  3.235
          5.624	  3.270
          5.628	  3.295
          5.632	  3.310
          5.636	  3.370
          5.640	  3.405
          5.644	  3.440
          5.648	  3.470
          5.652	  3.505
          5.656	  3.525
          5.660	  3.550
          5.664	  3.560
          5.668	  3.585
          5.672	  3.610
          5.676	  3.630
          5.680	  3.640
          5.684	  3.645
          5.688	  3.645
          5.692	  3.640
          5.696	  3.660
          5.700	  3.655
          5.704	  3.660
          5.708	  3.660
          5.712	  3.655
          5.716	  3.660
          5.720	  3.660
          5.724	  3.655
          5.728	  3.655
          5.732	  3.660
          5.736	  3.645
          5.740	  3.685
          5.744	  3.660
          5.748	  3.660
          5.752	  3.665
          5.756	  3.660
          5.760	  3.660
          5.764	  3.660
          5.768	  3.660
          5.772	  3.660
          5.776	  3.655
          5.780	  3.660
          5.784	  3.660
          5.788	  3.660
          5.792	  3.660
          5.796	  3.660
          5.800	  3.665
          5.804	  3.695
          5.808	  3.660
          5.812	  3.680
          5.816	  3.675
          5.820	  3.665
          5.824	  3.665
          5.828	  3.680
          5.832	  3.695
          5.836	  3.695
          5.840	  3.685
          5.844	  3.680
          5.848	  3.695
          5.852	  3.695
          5.856	  3.700
          5.860	  3.700
          5.864	  3.705
          5.868	  3.720
          5.872	  3.700
          5.876	  3.705
          5.880	  3.720
          5.884	  3.715
          5.888	  3.715
          5.892	  3.720
          5.896	  3.720
          5.900	  3.720
          5.904	  3.725
          5.908	  3.735
          5.912	  3.740
          5.916	  3.735
          5.920	  3.735
          5.924	  3.740
          5.928	  3.735
          5.932	  3.740
          5.936	  3.740
          5.940	  3.735
          5.944	  3.745
          5.948	  3.740
          5.952	  3.725
          5.956	  3.740
          5.960	  3.745
          5.964	  3.745
          5.968	  3.745
          5.972	  3.745
          5.976	  3.775
          5.980	  3.740
          5.984	  3.740
          5.988	  3.740
          5.992	  3.745
          5.996	  3.745
          6.000	  3.745
          6.004	  3.740
          6.008	  3.745
          6.012	  3.755
          6.016	  3.745
          6.020	  3.745
          6.024	  3.745
          6.028	  3.745
          6.032	  3.740
          6.036	  3.745
          6.040	  3.775
          6.044	  3.760
          6.048	  3.745
          6.052	  3.760
          6.056	  3.765
          6.060	  3.760
          6.064	  3.760
          6.068	  3.745
          6.072	  3.755
          6.076	  3.755
          6.080	  3.745
          6.084	  3.755
          6.088	  3.765
          6.092	  3.755
          6.096	  3.760
          6.100	  3.760
          6.104	  3.775
          6.108	  3.765
          6.112	  3.765
          6.116	  3.775
          6.120	  3.765
          6.124	  3.765
          6.128	  3.765
          6.132	  3.765
          6.136	  3.765
          6.140	  3.775
          6.144	  3.775
          6.148	  3.785
          6.152	  3.785
          6.156	  3.775
          6.160	  3.775
          6.164	  3.775
          6.168	  3.775
          6.172	  3.775
          6.176	  3.765
          6.180	  3.775
          6.184	  3.765
          6.188	  3.780
          6.192	  3.780
          6.196	  3.775
          6.200	  3.785
          6.204	  3.765
          6.208	  3.775
          6.212	  3.800
          6.216	  3.780
          6.220	  3.765
          6.224	  3.780
          6.228	  3.765
          6.232	  3.775
          6.236	  3.785
          6.240	  3.775
          6.244	  3.775
          6.248	  3.775
          6.252	  3.765
          6.256	  3.765
          6.260	  3.775
          6.264	  3.775
          6.268	  3.765
          6.272	  3.760
          6.276	  3.795
          6.280	  3.785
          6.284	  3.780
          6.288	  3.765
          6.292	  3.775
          6.296	  3.775
          6.300	  3.775
          6.304	  3.775
          6.308	  3.765
          6.312	  3.775
          6.316	  3.775
          6.320	  3.765
          6.324	  3.775
          6.328	  3.775
          6.332	  3.775
          6.336	  3.775
          6.340	  3.775
          6.344	  3.765
          6.348	  3.765
          6.352	  3.755
          6.356	  3.755
          6.360	  3.760
          6.364	  3.760
          6.368	  3.755
          6.372	  3.755
          6.376	  3.755
          6.380	  3.745
          6.384	  3.780
          6.388	  3.745
          6.392	  3.745
          6.396	  3.740
          6.400	  3.740
          6.404	  3.745
          6.408	  3.745
          6.412	  3.740
          6.416	  3.745
          6.420	  3.740
          6.424	  3.740
          6.428	  3.740
          6.432	  3.725
          6.436	  3.740
          6.440	  3.740
          6.444	  3.725
          6.448	  3.760
          6.452	  3.725
          6.456	  3.725
          6.460	  3.725
          6.464	  3.720
          6.468	  3.720
          6.472	  3.715
          6.476	  3.705
          6.480	  3.705
          6.484	  3.695
          6.488	  3.695
          6.492	  3.705
          6.496	  3.695
          6.500	  3.695
          6.504	  3.665
          6.508	  3.660
          6.512	  3.675
          6.516	  3.645
          6.520	  3.655
          6.524	  3.665
          6.528	  3.665
          6.532	  3.665
          6.536	  3.695
          6.540	  3.695
          6.544	  3.685
          6.548	  3.680
          6.552	  3.680
          6.556	  3.705
          6.560	  3.700
          6.564	  3.695
          6.568	  3.700
          6.572	  3.715
          6.576	  3.720
          6.580	  3.720
          6.584	  3.720
          6.588	  3.715
          6.592	  3.720
          6.596	  3.715
          6.600	  3.715
          6.604	  3.705
          6.608	  3.705
          6.612	  3.695
          6.616	  3.695
          6.620	  3.695
          6.624	  3.610
          6.628	  3.525
          6.632	  3.505
          6.636	  3.550
          6.640	  3.570
          6.644	  3.570
          6.648	  3.505
          6.652	  3.405
          6.656	  3.305
          6.660	  3.120
          6.664	  2.970
          6.668	  3.015
          6.672	  3.310
          6.676	  3.550
          6.680	  3.775
          6.684	  4.185
          6.688	  4.170
          6.692	  3.960
          6.696	  3.745
          6.700	  3.630
          6.704	  3.605
          6.708	  3.630
          6.712	  3.665
          6.716	  3.655
          6.720	  3.660
          6.724	  3.640
          6.728	  3.645
          6.732	  3.640
          6.736	  3.630
          6.740	  3.625
          6.744	  3.620
          6.748	  3.605
          6.752	  3.620
          6.756	  3.625
          6.760	  3.620
          6.764	  3.605
          6.768	  3.605
          6.772	  3.605
          6.776	  3.610
          6.780	  3.605
          6.784	  3.590
          6.788	  3.585
          6.792	  3.585
          6.796	  3.585
          6.800	  3.580
          6.804	  3.570
          6.808	  3.570
          6.812	  3.560
          6.816	  3.565
          6.820	  3.565
          6.824	  3.550
          6.828	  3.545
          6.832	  3.540
          6.836	  3.530
          6.840	  3.510
          6.844	  3.520
          6.848	  3.505
          6.852	  3.505
          6.856	  3.470
          6.860	  3.470
          6.864	  3.460
          6.868	  3.445
          6.872	  3.425
          6.876	  3.410
          6.880	  3.385
          6.884	  3.370
          6.888	  3.355
          6.892	  3.330
          6.896	  3.310
          6.900	  3.290
          6.904	  3.265
          6.908	  3.235
          6.912	  3.225
          6.916	  3.210
          6.920	  3.170
          6.924	  3.170
          6.928	  3.150
          6.932	  3.145
          6.936	  3.120
          6.940	  3.115
          6.944	  3.095
          6.948	  3.095
          6.952	  3.090
          6.956	  3.095
          6.960	  3.095
          6.964	  3.100
          6.968	  3.115
          6.972	  3.115
          6.976	  3.120
          6.980	  3.145
          6.984	  3.155
          6.988	  3.185
          6.992	  3.210
          6.996	  3.250
          7.000	  3.285
          7.004	  3.310
          7.008	  3.350
          7.012	  3.385
          7.016	  3.420
          7.020	  3.445
          7.024	  3.480
          7.028	  3.480
          7.032	  3.530
          7.036	  3.550
          7.040	  3.565
          7.044	  3.585
          7.048	  3.585
          7.052	  3.610
          7.056	  3.625
          7.060	  3.625
          7.064	  3.640
          7.068	  3.640
          7.072	  3.665
          7.076	  3.655
          7.080	  3.655
          7.084	  3.655
          7.088	  3.655
          7.092	  3.665
          7.096	  3.645
          7.100	  3.655
          7.104	  3.660
          7.108	  3.655
          7.112	  3.645
          7.116	  3.660
          7.120	  3.660
          7.124	  3.660
          7.128	  3.645
          7.132	  3.655
          7.136	  3.660
          7.140	  3.660
          7.144	  3.660
          7.148	  3.645
          7.152	  3.655
          7.156	  3.665
          7.160	  3.660
          7.164	  3.660
          7.168	  3.660
          7.172	  3.660
          7.176	  3.645
          7.180	  3.665
          7.184	  3.665
          7.188	  3.680
          7.192	  3.665
          7.196	  3.665
          7.200	  3.680
          7.204	  3.680
          7.208	  3.695
          7.212	  3.680
          7.216	  3.685
          7.220	  3.715
          7.224	  3.705
          7.228	  3.700
          7.232	  3.705
          7.236	  3.705
          7.240	  3.700
          7.244	  3.705
          7.248	  3.705
          7.252	  3.715
          7.256	  3.720
          7.260	  3.720
          7.264	  3.740
          7.268	  3.725
          7.272	  3.720
          7.276	  3.720
          7.280	  3.715
          7.284	  3.715
          7.288	  3.720
          7.292	  3.720
          7.296	  3.720
          7.300	  3.725
          7.304	  3.725
          7.308	  3.725
          7.312	  3.725
          7.316	  3.725
          7.320	  3.720
          7.324	  3.720
          7.328	  3.760
          7.332	  3.725
          7.336	  3.745
          7.340	  3.725
          7.344	  3.725
          7.348	  3.740
          7.352	  3.735
          7.356	  3.725
          7.360	  3.725
          7.364	  3.740
          7.368	  3.740
          7.372	  3.740
          7.376	  3.740
          7.380	  3.740
          7.384	  3.735
          7.388	  3.735
          7.392	  3.740
          7.396	  3.725
          7.400	  3.740
          7.404	  3.745
          7.408	  3.755
          7.412	  3.745
          7.416	  3.745
          7.420	  3.745
          7.424	  3.740
          7.428	  3.755
          7.432	  3.745
          7.436	  3.745
          7.440	  3.755
          7.444	  3.765
          7.448	  3.775
          7.452	  3.760
          7.456	  3.760
          7.460	  3.745
          7.464	  3.775
          7.468	  3.775
          7.472	  3.755
          7.476	  3.775
          7.480	  3.775
          7.484	  3.765
          7.488	  3.765
          7.492	  3.765
          7.496	  3.775
          7.500	  3.800
          7.504	  3.765
          7.508	  3.775
          7.512	  3.775
          7.516	  3.775
          7.520	  3.775
          7.524	  3.765
          7.528	  3.775
          7.532	  3.775
          7.536	  3.780
          7.540	  3.780
          7.544	  3.785
          7.548	  3.780
          7.552	  3.780
          7.556	  3.785
          7.560	  3.780
          7.564	  3.800
          7.568	  3.785
          7.572	  3.785
          7.576	  3.775
          7.580	  3.780
          7.584	  3.765
          7.588	  3.780
          7.592	  3.785
          7.596	  3.785
          7.600	  3.775
          7.604	  3.775
          7.608	  3.785
          7.612	  3.775
          7.616	  3.785
          7.620	  3.775
          7.624	  3.775
          7.628	  3.785
          7.632	  3.775
          7.636	  3.780
          7.640	  3.775
          7.644	  3.775
          7.648	  3.785
          7.652	  3.795
          7.656	  3.780
          7.660	  3.795
          7.664	  3.795
          7.668	  3.785
          7.672	  3.800
          7.676	  3.795
          7.680	  3.795
          7.684	  3.780
          7.688	  3.800
          7.692	  3.800
          7.696	  3.795
          7.700	  3.780
          7.704	  3.785
          7.708	  3.780
          7.712	  3.780
          7.716	  3.785
          7.720	  3.765
          7.724	  3.775
          7.728	  3.775
          7.732	  3.775
          7.736	  3.800
          7.740	  3.775
          7.744	  3.765
          7.748	  3.765
          7.752	  3.765
          7.756	  3.765
          7.760	  3.760
          7.764	  3.765
          7.768	  3.775
          7.772	  3.765
          7.776	  3.755
          7.780	  3.745
          7.784	  3.745
          7.788	  3.745
          7.792	  3.740
          7.796	  3.740
          7.800	  3.765
          7.804	  3.745
          7.808	  3.745
          7.812	  3.735
          7.816	  3.740
          7.820	  3.720
          7.824	  3.720
          7.828	  3.725
          7.832	  3.720
          7.836	  3.720
          7.840	  3.705
          7.844	  3.705
          7.848	  3.720
          7.852	  3.720
          7.856	  3.715
          7.860	  3.715
          7.864	  3.720
          7.868	  3.715
          7.872	  3.695
          7.876	  3.680
          7.880	  3.680
          7.884	  3.680
          7.888	  3.675
          7.892	  3.680
          7.896	  3.680
          7.900	  3.695
          7.904	  3.685
          7.908	  3.720
          7.912	  3.700
          7.916	  3.705
          7.920	  3.700
          7.924	  3.700
          7.928	  3.720
          7.932	  3.700
          7.936	  3.700
          7.940	  3.700
          7.944	  3.715
          7.948	  3.715
          7.952	  3.720
          7.956	  3.735
          7.960	  3.725
          7.964	  3.715
          7.968	  3.715
          7.972	  3.720
          7.976	  3.705
          7.980	  3.700
          7.984	  3.695
          7.988	  3.680
          7.992	  3.665
          7.996	  3.580
          8.000	  3.505
          8.004	  3.505
          8.008	  3.550
          8.012	  3.580
          8.016	  3.560
          8.020	  3.490
          8.024	  3.420
          8.028	  3.330
          8.032	  3.185
          8.036	  3.090
          8.040	  3.295
          8.044	  3.580
          8.048	  3.655
          8.052	  3.835
          8.056	  4.120
          8.060	  4.100
          8.064	  3.865
          8.068	  3.695
          8.072	  3.610
          8.076	  3.585
          8.080	  3.605
          8.084	  3.630
          8.088	  3.640
          8.092	  3.625
          8.096	  3.620
          8.100	  3.620
          8.104	  3.620
          8.108	  3.620
          8.112	  3.620
          8.116	  3.605
          8.120	  3.620
          8.124	  3.610
          8.128	  3.605
          8.132	  3.605
          8.136	  3.610
          8.140	  3.600
          8.144	  3.570
          8.148	  3.605
          8.152	  3.600
          8.156	  3.590
          8.160	  3.580
          8.164	  3.565
          8.168	  3.570
          8.172	  3.560
          8.176	  3.560
          8.180	  3.565
          8.184	  3.560
          8.188	  3.560
          8.192	  3.540
          8.196	  3.545
          8.200	  3.540
          8.204	  3.525
          8.208	  3.500
          8.212	  3.510
          8.216	  3.520
          8.220	  3.505
          8.224	  3.505
          8.228	  3.485
          8.232	  3.480
          8.236	  3.450
          8.240	  3.430
          8.244	  3.425
          8.248	  3.420
          8.252	  3.410
          8.256	  3.390
          8.260	  3.370
          8.264	  3.345
          8.268	  3.315
          8.272	  3.295
          8.276	  3.275
          8.280	  3.255
          8.284	  3.235
          8.288	  3.235
          8.292	  3.210
          8.296	  3.185
          8.300	  3.175
          8.304	  3.165
          8.308	  3.155
          8.312	  3.145
          8.316	  3.135
          8.320	  3.135
          8.324	  3.135
          8.328	  3.135
          8.332	  3.135
          8.336	  3.145
          8.340	  3.155
          8.344	  3.155
          8.348	  3.170
          8.352	  3.190
          8.356	  3.215
          8.360	  3.230
          8.364	  3.250
          8.368	  3.270
          8.372	  3.310
          8.376	  3.335
          8.380	  3.350
          8.384	  3.405
          8.388	  3.425
          8.392	  3.460
          8.396	  3.485
          8.400	  3.510
          8.404	  3.530
          8.408	  3.545
          8.412	  3.560
          8.416	  3.580
          8.420	  3.600
          8.424	  3.605
          8.428	  3.620
          8.432	  3.620
          8.436	  3.625
          8.440	  3.625
          8.444	  3.655
          8.448	  3.640
          8.452	  3.640
          8.456	  3.655
          8.460	  3.640
          8.464	  3.640
          8.468	  3.640
          8.472	  3.645
          8.476	  3.645
          8.480	  3.660
          8.484	  3.640
          8.488	  3.655
          8.492	  3.645
          8.496	  3.640
          8.500	  3.630
          8.504	  3.625
          8.508	  3.640
          8.512	  3.640
          8.516	  3.640
          8.520	  3.640
          8.524	  3.640
          8.528	  3.640
          8.532	  3.640
          8.536	  3.640
          8.540	  3.640
          8.544	  3.630
          8.548	  3.640
          8.552	  3.660
          8.556	  3.645
          8.560	  3.645
          8.564	  3.645
          8.568	  3.640
          8.572	  3.645
          8.576	  3.640
          8.580	  3.660
          8.584	  3.665
          8.588	  3.675
          8.592	  3.675
          8.596	  3.685
          8.600	  3.680
          8.604	  3.685
          8.608	  3.680
          8.612	  3.665
          8.616	  3.700
          8.620	  3.685
          8.624	  3.685
          8.628	  3.685
          8.632	  3.695
          8.636	  3.695
          8.640	  3.695
          8.644	  3.695
          8.648	  3.685
          8.652	  3.695
          8.656	  3.685
          8.660	  3.715
          8.664	  3.715
          8.668	  3.700
          8.672	  3.700
          8.676	  3.695
          8.680	  3.720
          8.684	  3.700
          8.688	  3.700
          8.692	  3.700
          8.696	  3.720
          8.700	  3.700
          8.704	  3.700
          8.708	  3.700
          8.712	  3.715
          8.716	  3.715
          8.720	  3.700
          8.724	  3.705
          8.728	  3.705
          8.732	  3.705
          8.736	  3.715
          8.740	  3.720
          8.744	  3.715
          8.748	  3.720
          8.752	  3.725
          8.756	  3.725
          8.760	  3.735
          8.764	  3.720
          8.768	  3.715
          8.772	  3.725
          8.776	  3.725
          8.780	  3.725
          8.784	  3.725
          8.788	  3.745
          8.792	  3.725
          8.796	  3.720
          8.800	  3.720
          8.804	  3.725
          8.808	  3.740
          8.812	  3.725
          8.816	  3.725
          8.820	  3.735
          8.824	  3.720
          8.828	  3.715
          8.832	  3.715
          8.836	  3.725
          8.840	  3.725
          8.844	  3.735
          8.848	  3.735
          8.852	  3.755
          8.856	  3.725
          8.860	  3.745
          8.864	  3.735
          8.868	  3.720
          8.872	  3.735
          8.876	  3.735
          8.880	  3.725
          8.884	  3.725
          8.888	  3.725
          8.892	  3.735
          8.896	  3.725
          8.900	  3.720
          8.904	  3.725
          8.908	  3.735
          8.912	  3.720
          8.916	  3.745
          8.920	  3.745
          8.924	  3.735
          8.928	  3.735
          8.932	  3.735
          8.936	  3.745
          8.940	  3.740
          8.944	  3.745
          8.948	  3.745
          8.952	  3.745
          8.956	  3.745
          8.960	  3.740
          8.964	  3.745
          8.968	  3.740
          8.972	  3.745
          8.976	  3.740
          8.980	  3.740
          8.984	  3.745
          8.988	  3.745
          8.992	  3.755
          8.996	  3.760
          9.000	  3.755
          9.004	  3.760
          9.008	  3.745
          9.012	  3.745
          9.016	  3.745
          9.020	  3.740
          9.024	  3.775
          9.028	  3.745
          9.032	  3.740
          9.036	  3.725
          9.040	  3.725
          9.044	  3.740
          9.048	  3.745
          9.052	  3.740
          9.056	  3.740
          9.060	  3.735
          9.064	  3.735
          9.068	  3.735
          9.072	  3.735
          9.076	  3.740
          9.080	  3.745
          9.084	  3.745
          9.088	  3.755
          9.092	  3.735
          9.096	  3.740
          9.100	  3.740
          9.104	  3.735
          9.108	  3.740
          9.112	  3.745
          9.116	  3.725
          9.120	  3.740
          9.124	  3.725
          9.128	  3.725
          9.132	  3.740
          9.136	  3.740
          9.140	  3.740
          9.144	  3.740
          9.148	  3.740
          9.152	  3.740
          9.156	  3.740
          9.160	  3.740
          9.164	  3.740
          9.168	  3.735
          9.172	  3.735
          9.176	  3.745
          9.180	  3.735
          9.184	  3.740
          9.188	  3.740
          9.192	  3.745
          9.196	  3.745
          9.200	  3.725
          9.204	  3.725
          9.208	  3.725
          9.212	  3.720
          9.216	  3.735
          9.220	  3.725
          9.224	  3.715
          9.228	  3.715
          9.232	  3.720
          9.236	  3.715
          9.240	  3.720
          9.244	  3.705
          9.248	  3.695
          9.252	  3.685
          9.256	  3.680
          9.260	  3.695
          9.264	  3.675
          9.268	  3.675
          9.272	  3.695
          9.276	  3.685
          9.280	  3.695
          9.284	  3.705
          9.288	  3.700
          9.292	  3.700
          9.296	  3.685
          9.300	  3.695
          9.304	  3.720
          9.308	  3.720
          9.312	  3.715
          9.316	  3.720
          9.320	  3.720
          9.324	  3.740
          9.328	  3.735
          9.332	  3.740
          9.336	  3.725
          9.340	  3.735
          9.344	  3.720
          9.348	  3.720
          9.352	  3.720
          9.356	  3.720
          9.360	  3.720
          9.364	  3.705
          9.368	  3.695
          9.372	  3.640
          9.376	  3.550
          9.380	  3.520
          9.384	  3.570
          9.388	  3.590
          9.392	  3.610
          9.396	  3.570
          9.400	  3.500
          9.404	  3.460
          9.408	  3.335
          9.412	  3.185
          9.416	  3.185
          9.420	  3.400
          9.424	  3.645
          9.428	  3.725
          9.432	  4.060
          9.436	  4.175
          9.440	  4.010
          9.444	  3.780
          9.448	  3.655
          9.452	  3.605
          9.456	  3.620
          9.460	  3.660
          9.464	  3.665
          9.468	  3.665
          9.472	  3.675
          9.476	  3.665
          9.480	  3.665
          9.484	  3.655
          9.488	  3.655
          9.492	  3.640
          9.496	  3.665
          9.500	  3.640
          9.504	  3.640
          9.508	  3.640
          9.512	  3.630
          9.516	  3.630
          9.520	  3.630
          9.524	  3.630
          9.528	  3.625
          9.532	  3.625
          9.536	  3.620
          9.540	  3.620
          9.544	  3.625
          9.548	  3.625
          9.552	  3.620
          9.556	  3.620
          9.560	  3.620
          9.564	  3.610
          9.568	  3.605
          9.572	  3.585
          9.576	  3.600
          9.580	  3.585
          9.584	  3.580
          9.588	  3.570
          9.592	  3.570
          9.596	  3.560
          9.600	  3.550
          9.604	  3.530
          9.608	  3.525
          9.612	  3.510
          9.616	  3.505
          9.620	  3.500
          9.624	  3.470
          9.628	  3.465
          9.632	  3.450
          9.636	  3.430
          9.640	  3.420
          9.644	  3.405
          9.648	  3.370
          9.652	  3.355
          9.656	  3.335
          9.660	  3.315
          9.664	  3.295
          9.668	  3.270
          9.672	  3.265
          9.676	  3.255
          9.680	  3.230
          9.684	  3.225
          9.688	  3.225
          9.692	  3.210
          9.696	  3.205
          9.700	  3.185
          9.704	  3.185
          9.708	  3.190
          9.712	  3.205
          9.716	  3.205
          9.720	  3.205
          9.724	  3.205
          9.728	  3.230
          9.732	  3.215
          9.736	  3.255
          9.740	  3.270
          9.744	  3.295
          9.748	  3.325
          9.752	  3.355
          9.756	  3.385
          9.760	  3.400
          9.764	  3.445
          9.768	  3.470
          9.772	  3.510
          9.776	  3.530
          9.780	  3.560
          9.784	  3.580
          9.788	  3.605
          9.792	  3.605
          9.796	  3.630
          9.800	  3.640
          9.804	  3.655
          9.808	  3.675
          9.812	  3.675
          9.816	  3.675
          9.820	  3.685
          9.824	  3.685
          9.828	  3.685
          9.832	  3.695
          9.836	  3.695
          9.840	  3.685
          9.844	  3.695
          9.848	  3.695
          9.852	  3.700
          9.856	  3.695
          9.860	  3.695
          9.864	  3.685
          9.868	  3.685
          9.872	  3.685
          9.876	  3.695
          9.880	  3.685
          9.884	  3.695
          9.888	  3.695
          9.892	  3.695
          9.896	  3.695
          9.900	  3.685
          9.904	  3.720
          9.908	  3.695
          9.912	  3.695
          9.916	  3.695
          9.920	  3.685
          9.924	  3.695
          9.928	  3.695
          9.932	  3.700
          9.936	  3.700
          9.940	  3.695
          9.944	  3.700
          9.948	  3.715
          9.952	  3.715
          9.956	  3.725
          9.960	  3.720
          9.964	  3.720
          9.968	  3.745
          9.972	  3.735
          9.976	  3.735
          9.980	  3.735
          9.984	  3.735
          9.988	  3.740
          9.992	  3.745
          9.996	  3.740
