          0.000	  3.245
          0.004	  3.245
          0.008	  3.260
          0.012	  3.245
          0.016	  3.240
          0.020	  3.245
          0.024	  3.255
          0.028	  3.245
          0.032	  3.255
          0.036	  3.240
          0.040	  3.235
          0.044	  3.240
          0.048	  3.240
          0.052	  3.235
          0.056	  3.235
          0.060	  3.220
          0.064	  3.235
          0.068	  3.245
          0.072	  3.285
          0.076	  3.295
          0.080	  3.300
          0.084	  3.325
          0.088	  3.320
          0.092	  3.295
          0.096	  3.280
          0.100	  3.300
          0.104	  3.340
          0.108	  3.340
          0.112	  3.300
          0.116	  3.295
          0.120	  3.300
          0.124	  3.280
          0.128	  3.240
          0.132	  3.215
          0.136	  3.220
          0.140	  3.220
          0.144	  3.215
          0.148	  3.235
          0.152	  3.215
          0.156	  3.230
          0.160	  3.220
          0.164	  3.220
          0.168	  3.245
          0.172	  3.235
          0.176	  3.210
          0.180	  3.200
          0.184	  3.200
          0.188	  3.200
          0.192	  3.200
          0.196	  3.200
          0.200	  3.200
          0.204	  3.200
          0.208	  3.200
          0.212	  3.200
          0.216	  3.180
          0.220	  3.180
          0.224	  3.145
          0.228	  3.165
          0.232	  3.180
          0.236	  3.140
          0.240	  3.095
          0.244	  3.080
          0.248	  3.040
          0.252	  2.980
          0.256	  2.870
          0.260	  2.700
          0.264	  2.700
          0.268	  2.915
          0.272	  2.945
          0.276	  2.870
          0.280	  2.720
          0.284	  2.720
          0.288	  3.275
          0.292	  3.400
          0.296	  3.190
          0.300	  2.860
          0.304	  2.780
          0.308	  2.890
          0.312	  2.990
          0.316	  2.985
          0.320	  2.945
          0.324	  2.940
          0.328	  2.960
          0.332	  2.965
          0.336	  2.965
          0.340	  2.990
          0.344	  3.000
          0.348	  3.005
          0.352	  3.010
          0.356	  3.030
          0.360	  3.020
          0.364	  3.040
          0.368	  3.040
          0.372	  3.030
          0.376	  3.030
          0.380	  3.020
          0.384	  3.020
          0.388	  3.020
          0.392	  3.020
          0.396	  3.020
          0.400	  3.010
          0.404	  2.990
          0.408	  2.990
          0.412	  2.985
          0.416	  2.990
          0.420	  2.985
          0.424	  2.985
          0.428	  2.975
          0.432	  2.980
          0.436	  2.975
          0.440	  2.980
          0.444	  2.975
          0.448	  2.960
          0.452	  2.955
          0.456	  2.955
          0.460	  2.940
          0.464	  2.915
          0.468	  2.915
          0.472	  2.915
          0.476	  2.925
          0.480	  2.910
          0.484	  2.890
          0.488	  2.880
          0.492	  2.860
          0.496	  2.860
          0.500	  2.860
          0.504	  2.880
          0.508	  2.870
          0.512	  2.880
          0.516	  2.890
          0.520	  2.890
          0.524	  2.870
          0.528	  2.880
          0.532	  2.890
          0.536	  2.915
          0.540	  2.940
          0.544	  2.960
          0.548	  2.980
          0.552	  3.020
          0.556	  3.040
          0.560	  3.075
          0.564	  3.100
          0.568	  3.120
          0.572	  3.125
          0.576	  3.140
          0.580	  3.140
          0.584	  3.125
          0.588	  3.145
          0.592	  3.145
          0.596	  3.145
          0.600	  3.140
          0.604	  3.120
          0.608	  3.120
          0.612	  3.125
          0.616	  3.125
          0.620	  3.120
          0.624	  3.125
          0.628	  3.120
          0.632	  3.120
          0.636	  3.115
          0.640	  3.120
          0.644	  3.120
          0.648	  3.115
          0.652	  3.100
          0.656	  3.105
          0.660	  3.100
          0.664	  3.115
          0.668	  3.100
          0.672	  3.095
          0.676	  3.095
          0.680	  3.105
          0.684	  3.105
          0.688	  3.095
          0.692	  3.100
          0.696	  3.115
          0.700	  3.105
          0.704	  3.095
          0.708	  3.095
          0.712	  3.095
          0.716	  3.085
          0.720	  3.095
          0.724	  3.095
          0.728	  3.085
          0.732	  3.105
          0.736	  3.105
          0.740	  3.100
          0.744	  3.095
          0.748	  3.095
          0.752	  3.100
          0.756	  3.095
          0.760	  3.105
          0.764	  3.115
          0.768	  3.115
          0.772	  3.120
          0.776	  3.105
          0.780	  3.100
          0.784	  3.100
          0.788	  3.095
          0.792	  3.115
          0.796	  3.120
          0.800	  3.120
          0.804	  3.125
          0.808	  3.135
          0.812	  3.145
          0.816	  3.145
          0.820	  3.140
          0.824	  3.140
          0.828	  3.120
          0.832	  3.140
          0.836	  3.140
          0.840	  3.145
          0.844	  3.145
          0.848	  3.125
          0.852	  3.125
          0.856	  3.140
          0.860	  3.125
          0.864	  3.135
          0.868	  3.140
          0.872	  3.145
          0.876	  3.165
          0.880	  3.180
          0.884	  3.165
          0.888	  3.160
          0.892	  3.160
          0.896	  3.150
          0.900	  3.145
          0.904	  3.150
          0.908	  3.170
          0.912	  3.165
          0.916	  3.160
          0.920	  3.145
          0.924	  3.150
          0.928	  3.160
          0.932	  3.160
          0.936	  3.180
          0.940	  3.200
          0.944	  3.220
          0.948	  3.240
          0.952	  3.260
          0.956	  3.240
          0.960	  3.240
          0.964	  3.210
          0.968	  3.220
          0.972	  3.280
          0.976	  3.320
          0.980	  3.295
          0.984	  3.275
          0.988	  3.295
          0.992	  3.300
          0.996	  3.265
          1.000	  3.220
          1.004	  3.200
          1.008	  3.200
          1.012	  3.200
          1.016	  3.180
          1.020	  3.150
          1.024	  3.180
          1.028	  3.200
          1.032	  3.200
          1.036	  3.200
          1.040	  3.200
          1.044	  3.190
          1.048	  3.180
          1.052	  3.180
          1.056	  3.190
          1.060	  3.180
          1.064	  3.180
          1.068	  3.180
          1.072	  3.180
          1.076	  3.190
          1.080	  3.200
          1.084	  3.200
          1.088	  3.190
          1.092	  3.190
          1.096	  3.180
          1.100	  3.165
          1.104	  3.145
          1.108	  3.120
          1.112	  3.075
          1.116	  3.040
          1.120	  2.990
          1.124	  2.960
          1.128	  2.860
          1.132	  2.700
          1.136	  2.815
          1.140	  2.990
          1.144	  2.980
          1.148	  2.860
          1.152	  2.780
          1.156	  3.145
          1.160	  3.540
          1.164	  3.465
          1.168	  3.160
          1.172	  2.860
          1.176	  2.860
          1.180	  2.975
          1.184	  3.020
          1.188	  3.010
          1.192	  2.990
          1.196	  2.990
          1.200	  3.020
          1.204	  3.040
          1.208	  3.050
          1.212	  3.060
          1.216	  3.055
          1.220	  3.070
          1.224	  3.075
          1.228	  3.070
          1.232	  3.075
          1.236	  3.085
          1.240	  3.075
          1.244	  3.070
          1.248	  3.070
          1.252	  3.075
          1.256	  3.085
          1.260	  3.080
          1.264	  3.070
          1.268	  3.060
          1.272	  3.070
          1.276	  3.070
          1.280	  3.070
          1.284	  3.060
          1.288	  3.040
          1.292	  3.040
          1.296	  3.040
          1.300	  3.030
          1.304	  3.040
          1.308	  3.040
          1.312	  3.040
          1.316	  3.050
          1.320	  3.030
          1.324	  3.010
          1.328	  3.005
          1.332	  3.005
          1.336	  3.005
          1.340	  2.990
          1.344	  2.975
          1.348	  2.975
          1.352	  2.965
          1.356	  2.945
          1.360	  2.945
          1.364	  2.940
          1.368	  2.940
          1.372	  2.925
          1.376	  2.925
          1.380	  2.925
          1.384	  2.925
          1.388	  2.920
          1.392	  2.935
          1.396	  2.945
          1.400	  2.955
          1.404	  2.960
          1.408	  2.965
          1.412	  2.985
          1.416	  3.020
          1.420	  3.040
          1.424	  3.070
          1.428	  3.095
          1.432	  3.135
          1.436	  3.145
          1.440	  3.180
          1.444	  3.200
          1.448	  3.210
          1.452	  3.215
          1.456	  3.220
          1.460	  3.220
          1.464	  3.240
          1.468	  3.245
          1.472	  3.215
          1.476	  3.215
          1.480	  3.220
          1.484	  3.220
          1.488	  3.200
          1.492	  3.200
          1.496	  3.210
          1.500	  3.200
          1.504	  3.210
          1.508	  3.200
          1.512	  3.215
          1.516	  3.220
          1.520	  3.230
          1.524	  3.220
          1.528	  3.220
          1.532	  3.215
          1.536	  3.210
          1.540	  3.210
          1.544	  3.200
          1.548	  3.180
          1.552	  3.190
          1.556	  3.180
          1.560	  3.180
          1.564	  3.180
          1.568	  3.180
          1.572	  3.180
          1.576	  3.180
          1.580	  3.180
          1.584	  3.190
          1.588	  3.180
          1.592	  3.180
          1.596	  3.165
          1.600	  3.165
          1.604	  3.160
          1.608	  3.150
          1.612	  3.150
          1.616	  3.160
          1.620	  3.145
          1.624	  3.145
          1.628	  3.145
          1.632	  3.140
          1.636	  3.145
          1.640	  3.145
          1.644	  3.145
          1.648	  3.150
          1.652	  3.145
          1.656	  3.145
          1.660	  3.145
          1.664	  3.145
          1.668	  3.160
          1.672	  3.170
          1.676	  3.165
          1.680	  3.165
          1.684	  3.170
          1.688	  3.180
          1.692	  3.180
          1.696	  3.180
          1.700	  3.180
          1.704	  3.180
          1.708	  3.180
          1.712	  3.180
          1.716	  3.190
          1.720	  3.190
          1.724	  3.190
          1.728	  3.190
          1.732	  3.180
          1.736	  3.190
          1.740	  3.180
          1.744	  3.190
          1.748	  3.200
          1.752	  3.200
          1.756	  3.200
          1.760	  3.210
          1.764	  3.200
          1.768	  3.200
          1.772	  3.190
          1.776	  3.200
          1.780	  3.235
          1.784	  3.260
          1.788	  3.275
          1.792	  3.280
          1.796	  3.280
          1.800	  3.275
          1.804	  3.245
          1.808	  3.265
          1.812	  3.310
          1.816	  3.325
          1.820	  3.300
          1.824	  3.280
          1.828	  3.305
          1.832	  3.300
          1.836	  3.275
          1.840	  3.230
          1.844	  3.200
          1.848	  3.210
          1.852	  3.200
          1.856	  3.200
          1.860	  3.200
          1.864	  3.200
          1.868	  3.210
          1.872	  3.220
          1.876	  3.220
          1.880	  3.210
          1.884	  3.190
          1.888	  3.190
          1.892	  3.200
          1.896	  3.200
          1.900	  3.200
          1.904	  3.200
          1.908	  3.200
          1.912	  3.200
          1.916	  3.200
          1.920	  3.200
          1.924	  3.210
          1.928	  3.200
          1.932	  3.200
          1.936	  3.200
          1.940	  3.180
          1.944	  3.150
          1.948	  3.095
          1.952	  3.070
          1.956	  3.050
          1.960	  3.020
          1.964	  2.975
          1.968	  2.820
          1.972	  2.825
          1.976	  3.055
          1.980	  3.105
          1.984	  3.055
          1.988	  2.910
          1.992	  3.020
          1.996	  3.445
          2.000	  3.470
          2.004	  3.220
          2.008	  2.895
          2.012	  2.890
          2.016	  3.020
          2.020	  3.095
          2.024	  3.075
          2.028	  3.050
          2.032	  3.050
          2.036	  3.055
          2.040	  3.070
          2.044	  3.095
          2.048	  3.100
          2.052	  3.125
          2.056	  3.140
          2.060	  3.125
          2.064	  3.140
          2.068	  3.135
          2.072	  3.145
          2.076	  3.140
          2.080	  3.125
          2.084	  3.120
          2.088	  3.120
          2.092	  3.135
          2.096	  3.120
          2.100	  3.120
          2.104	  3.125
          2.108	  3.115
          2.112	  3.115
          2.116	  3.115
          2.120	  3.100
          2.124	  3.095
          2.128	  3.085
          2.132	  3.095
          2.136	  3.105
          2.140	  3.085
          2.144	  3.075
          2.148	  3.080
          2.152	  3.080
          2.156	  3.080
          2.160	  3.070
          2.164	  3.055
          2.168	  3.040
          2.172	  3.030
          2.176	  3.030
          2.180	  3.020
          2.184	  3.020
          2.188	  3.010
          2.192	  2.990
          2.196	  2.990
          2.200	  2.985
          2.204	  2.975
          2.208	  2.965
          2.212	  2.975
          2.216	  2.975
          2.220	  2.960
          2.224	  2.960
          2.228	  2.965
          2.232	  2.980
          2.236	  2.985
          2.240	  3.000
          2.244	  3.020
          2.248	  3.040
          2.252	  3.060
          2.256	  3.095
          2.260	  3.120
          2.264	  3.170
          2.268	  3.200
          2.272	  3.220
          2.276	  3.245
          2.280	  3.260
          2.284	  3.275
          2.288	  3.285
          2.292	  3.285
          2.296	  3.300
          2.300	  3.285
          2.304	  3.295
          2.308	  3.280
          2.312	  3.280
          2.316	  3.275
          2.320	  3.280
          2.324	  3.265
          2.328	  3.275
          2.332	  3.275
          2.336	  3.280
          2.340	  3.280
          2.344	  3.280
          2.348	  3.280
          2.352	  3.265
          2.356	  3.275
          2.360	  3.275
          2.364	  3.255
          2.368	  3.260
          2.372	  3.265
          2.376	  3.255
          2.380	  3.265
          2.384	  3.265
          2.388	  3.265
          2.392	  3.260
          2.396	  3.255
          2.400	  3.255
          2.404	  3.245
          2.408	  3.245
          2.412	  3.245
          2.416	  3.245
          2.420	  3.240
          2.424	  3.235
          2.428	  3.235
          2.432	  3.235
          2.436	  3.235
          2.440	  3.230
          2.444	  3.240
          2.448	  3.235
          2.452	  3.235
          2.456	  3.235
          2.460	  3.235
          2.464	  3.235
          2.468	  3.235
          2.472	  3.245
          2.476	  3.240
          2.480	  3.240
          2.484	  3.235
          2.488	  3.235
          2.492	  3.235
          2.496	  3.235
          2.500	  3.245
          2.504	  3.260
          2.508	  3.240
          2.512	  3.255
          2.516	  3.260
          2.520	  3.275
          2.524	  3.275
          2.528	  3.265
          2.532	  3.265
          2.536	  3.260
          2.540	  3.260
          2.544	  3.265
          2.548	  3.275
          2.552	  3.275
          2.556	  3.275
          2.560	  3.280
          2.564	  3.275
          2.568	  3.255
          2.572	  3.260
          2.576	  3.265
          2.580	  3.275
          2.584	  3.275
          2.588	  3.275
          2.592	  3.265
          2.596	  3.275
          2.600	  3.275
          2.604	  3.275
          2.608	  3.275
          2.612	  3.265
          2.616	  3.275
          2.620	  3.275
          2.624	  3.280
          2.628	  3.275
          2.632	  3.275
          2.636	  3.275
          2.640	  3.285
          2.644	  3.305
          2.648	  3.340
          2.652	  3.350
          2.656	  3.350
          2.660	  3.360
          2.664	  3.360
          2.668	  3.330
          2.672	  3.320
          2.676	  3.350
          2.680	  3.400
          2.684	  3.395
          2.688	  3.340
          2.692	  3.350
          2.696	  3.360
          2.700	  3.340
          2.704	  3.305
          2.708	  3.280
          2.712	  3.285
          2.716	  3.275
          2.720	  3.275
          2.724	  3.265
          2.728	  3.285
          2.732	  3.280
          2.736	  3.285
          2.740	  3.285
          2.744	  3.285
          2.748	  3.280
          2.752	  3.280
          2.756	  3.280
          2.760	  3.285
          2.764	  3.280
          2.768	  3.275
          2.772	  3.275
          2.776	  3.285
          2.780	  3.280
          2.784	  3.280
          2.788	  3.280
          2.792	  3.280
          2.796	  3.280
          2.800	  3.280
          2.804	  3.265
          2.808	  3.240
          2.812	  3.180
          2.816	  3.145
          2.820	  3.145
          2.824	  3.125
          2.828	  3.050
          2.832	  2.850
          2.836	  2.775
          2.840	  2.980
          2.844	  3.095
          2.848	  3.070
          2.852	  2.890
          2.856	  2.735
          2.860	  3.145
          2.864	  3.380
          2.868	  3.265
          2.872	  2.980
          2.876	  2.895
          2.880	  3.020
          2.884	  3.120
          2.888	  3.120
          2.892	  3.080
          2.896	  3.070
          2.900	  3.095
          2.904	  3.120
          2.908	  3.125
          2.912	  3.140
          2.916	  3.145
          2.920	  3.160
          2.924	  3.160
          2.928	  3.160
          2.932	  3.160
          2.936	  3.165
          2.940	  3.160
          2.944	  3.160
          2.948	  3.145
          2.952	  3.145
          2.956	  3.145
          2.960	  3.145
          2.964	  3.135
          2.968	  3.125
          2.972	  3.125
          2.976	  3.135
          2.980	  3.135
          2.984	  3.125
          2.988	  3.125
          2.992	  3.120
          2.996	  3.105
          3.000	  3.105
          3.004	  3.105
          3.008	  3.095
          3.012	  3.085
          3.016	  3.075
          3.020	  3.060
          3.024	  3.060
          3.028	  3.040
          3.032	  3.040
          3.036	  3.040
          3.040	  3.020
          3.044	  3.020
          3.048	  3.005
          3.052	  2.985
          3.056	  2.975
          3.060	  2.960
          3.064	  2.955
          3.068	  2.945
          3.072	  2.935
          3.076	  2.925
          3.080	  2.925
          3.084	  2.915
          3.088	  2.910
          3.092	  2.915
          3.096	  2.925
          3.100	  2.925
          3.104	  2.920
          3.108	  2.940
          3.112	  2.955
          3.116	  2.980
          3.120	  3.010
          3.124	  3.040
          3.128	  3.075
          3.132	  3.105
          3.136	  3.135
          3.140	  3.145
          3.144	  3.180
          3.148	  3.190
          3.152	  3.200
          3.156	  3.200
          3.160	  3.215
          3.164	  3.215
          3.168	  3.210
          3.172	  3.200
          3.176	  3.200
          3.180	  3.200
          3.184	  3.200
          3.188	  3.190
          3.192	  3.200
          3.196	  3.190
          3.200	  3.200
          3.204	  3.180
          3.208	  3.180
          3.212	  3.180
          3.216	  3.180
          3.220	  3.180
          3.224	  3.180
          3.228	  3.180
          3.232	  3.165
          3.236	  3.180
          3.240	  3.170
          3.244	  3.165
          3.248	  3.165
          3.252	  3.165
          3.256	  3.165
          3.260	  3.170
          3.264	  3.160
          3.268	  3.145
          3.272	  3.145
          3.276	  3.145
          3.280	  3.145
          3.284	  3.145
          3.288	  3.145
          3.292	  3.145
          3.296	  3.145
          3.300	  3.145
          3.304	  3.140
          3.308	  3.140
          3.312	  3.125
          3.316	  3.120
          3.320	  3.135
          3.324	  3.120
          3.328	  3.135
          3.332	  3.140
          3.336	  3.140
          3.340	  3.140
          3.344	  3.140
          3.348	  3.140
          3.352	  3.145
          3.356	  3.135
          3.360	  3.140
          3.364	  3.140
          3.368	  3.145
          3.372	  3.145
          3.376	  3.150
          3.380	  3.150
          3.384	  3.160
          3.388	  3.145
          3.392	  3.145
          3.396	  3.145
          3.400	  3.165
          3.404	  3.160
          3.408	  3.165
          3.412	  3.180
          3.416	  3.170
          3.420	  3.165
          3.424	  3.160
          3.428	  3.165
          3.432	  3.170
          3.436	  3.160
          3.440	  3.165
          3.444	  3.165
          3.448	  3.170
          3.452	  3.165
          3.456	  3.160
          3.460	  3.160
          3.464	  3.150
          3.468	  3.165
          3.472	  3.165
          3.476	  3.165
          3.480	  3.170
          3.484	  3.160
          3.488	  3.150
          3.492	  3.150
          3.496	  3.160
          3.500	  3.145
          3.504	  3.160
          3.508	  3.165
          3.512	  3.150
          3.516	  3.150
          3.520	  3.160
          3.524	  3.160
          3.528	  3.165
          3.532	  3.165
          3.536	  3.160
          3.540	  3.145
          3.544	  3.145
          3.548	  3.145
          3.552	  3.160
          3.556	  3.145
          3.560	  3.150
          3.564	  3.150
          3.568	  3.150
          3.572	  3.145
          3.576	  3.145
          3.580	  3.140
          3.584	  3.145
          3.588	  3.160
          3.592	  3.170
          3.596	  3.180
          3.600	  3.200
          3.604	  3.215
          3.608	  3.230
          3.612	  3.240
          3.616	  3.230
          3.620	  3.200
          3.624	  3.200
          3.628	  3.240
          3.632	  3.280
          3.636	  3.245
          3.640	  3.220
          3.644	  3.230
          3.648	  3.240
          3.652	  3.200
          3.656	  3.170
          3.660	  3.150
          3.664	  3.145
          3.668	  3.150
          3.672	  3.145
          3.676	  3.140
          3.680	  3.150
          3.684	  3.145
          3.688	  3.160
          3.692	  3.150
          3.696	  3.165
          3.700	  3.145
          3.704	  3.160
          3.708	  3.150
          3.712	  3.160
          3.716	  3.150
          3.720	  3.160
          3.724	  3.160
          3.728	  3.160
          3.732	  3.145
          3.736	  3.145
          3.740	  3.160
          3.744	  3.160
          3.748	  3.145
          3.752	  3.140
          3.756	  3.140
          3.760	  3.100
          3.764	  3.030
          3.768	  3.000
          3.772	  2.990
          3.776	  2.940
          3.780	  2.825
          3.784	  2.605
          3.788	  2.635
          3.792	  2.840
          3.796	  2.880
          3.800	  2.825
          3.804	  2.580
          3.808	  2.635
          3.812	  3.180
          3.816	  3.245
          3.820	  3.030
          3.824	  2.795
          3.828	  2.830
          3.832	  2.955
          3.836	  2.985
          3.840	  2.965
          3.844	  2.940
          3.848	  2.935
          3.852	  2.975
          3.856	  3.000
          3.860	  3.010
          3.864	  3.020
          3.868	  3.020
          3.872	  3.020
          3.876	  3.020
          3.880	  3.020
          3.884	  3.040
          3.888	  3.020
          3.892	  3.020
          3.896	  3.020
          3.900	  3.030
          3.904	  3.020
          3.908	  3.020
          3.912	  3.020
          3.916	  3.020
          3.920	  3.010
          3.924	  3.020
          3.928	  3.010
          3.932	  3.000
          3.936	  3.000
          3.940	  2.990
          3.944	  3.000
          3.948	  2.985
          3.952	  2.985
          3.956	  2.980
          3.960	  2.990
          3.964	  2.985
          3.968	  2.965
          3.972	  2.960
          3.976	  2.955
          3.980	  2.955
          3.984	  2.935
          3.988	  2.920
          3.992	  2.925
          3.996	  2.910
          4.000	  2.895
          4.004	  2.880
          4.008	  2.860
          4.012	  2.840
          4.016	  2.840
          4.020	  2.845
          4.024	  2.830
          4.028	  2.820
          4.032	  2.830
          4.036	  2.825
          4.040	  2.830
          4.044	  2.825
          4.048	  2.830
          4.052	  2.845
          4.056	  2.860
          4.060	  2.880
          4.064	  2.900
          4.068	  2.915
          4.072	  2.955
          4.076	  2.990
          4.080	  3.040
          4.084	  3.070
          4.088	  3.095
          4.092	  3.125
          4.096	  3.145
          4.100	  3.165
          4.104	  3.180
          4.108	  3.165
          4.112	  3.170
          4.116	  3.165
          4.120	  3.160
          4.124	  3.165
          4.128	  3.170
          4.132	  3.165
          4.136	  3.165
          4.140	  3.160
          4.144	  3.150
          4.148	  3.150
          4.152	  3.150
          4.156	  3.150
          4.160	  3.165
          4.164	  3.160
          4.168	  3.150
          4.172	  3.150
          4.176	  3.160
          4.180	  3.145
          4.184	  3.160
          4.188	  3.145
          4.192	  3.145
          4.196	  3.145
          4.200	  3.150
          4.204	  3.150
          4.208	  3.160
          4.212	  3.145
          4.216	  3.160
          4.220	  3.165
          4.224	  3.160
          4.228	  3.150
          4.232	  3.150
          4.236	  3.145
          4.240	  3.160
          4.244	  3.145
          4.248	  3.160
          4.252	  3.160
          4.256	  3.160
          4.260	  3.145
          4.264	  3.150
          4.268	  3.160
          4.272	  3.180
          4.276	  3.170
          4.280	  3.165
          4.284	  3.180
          4.288	  3.170
          4.292	  3.180
          4.296	  3.180
          4.300	  3.180
          4.304	  3.180
          4.308	  3.190
          4.312	  3.210
          4.316	  3.200
          4.320	  3.200
          4.324	  3.200
          4.328	  3.200
          4.332	  3.200
          4.336	  3.215
          4.340	  3.215
          4.344	  3.210
          4.348	  3.215
          4.352	  3.220
          4.356	  3.220
          4.360	  3.220
          4.364	  3.215
          4.368	  3.215
          4.372	  3.215
          4.376	  3.220
          4.380	  3.235
          4.384	  3.235
          4.388	  3.220
          4.392	  3.220
          4.396	  3.220
          4.400	  3.230
          4.404	  3.235
          4.408	  3.235
          4.412	  3.235
          4.416	  3.230
          4.420	  3.235
          4.424	  3.245
          4.428	  3.245
          4.432	  3.255
          4.436	  3.245
          4.440	  3.245
          4.444	  3.240
          4.448	  3.240
          4.452	  3.240
          4.456	  3.240
          4.460	  3.230
          4.464	  3.240
          4.468	  3.260
          4.472	  3.245
          4.476	  3.235
          4.480	  3.240
          4.484	  3.240
          4.488	  3.245
          4.492	  3.255
          4.496	  3.255
          4.500	  3.255
          4.504	  3.255
          4.508	  3.245
          4.512	  3.245
          4.516	  3.245
          4.520	  3.245
          4.524	  3.255
          4.528	  3.260
          4.532	  3.260
          4.536	  3.245
          4.540	  3.245
          4.544	  3.245
          4.548	  3.245
          4.552	  3.260
          4.556	  3.280
          4.560	  3.300
          4.564	  3.320
          4.568	  3.320
          4.572	  3.330
          4.576	  3.340
          4.580	  3.325
          4.584	  3.305
          4.588	  3.320
          4.592	  3.360
          4.596	  3.370
          4.600	  3.340
          4.604	  3.325
          4.608	  3.340
          4.612	  3.340
          4.616	  3.300
          4.620	  3.280
          4.624	  3.280
          4.628	  3.260
          4.632	  3.255
          4.636	  3.255
          4.640	  3.265
          4.644	  3.285
          4.648	  3.285
          4.652	  3.275
          4.656	  3.285
          4.660	  3.280
          4.664	  3.280
          4.668	  3.275
          4.672	  3.265
          4.676	  3.280
          4.680	  3.285
          4.684	  3.280
          4.688	  3.265
          4.692	  3.275
          4.696	  3.285
          4.700	  3.280
          4.704	  3.280
          4.708	  3.285
          4.712	  3.280
          4.716	  3.280
          4.720	  3.275
          4.724	  3.235
          4.728	  3.180
          4.732	  3.125
          4.736	  3.120
          4.740	  3.095
          4.744	  3.075
          4.748	  2.940
          4.752	  2.800
          4.756	  2.940
          4.760	  3.095
          4.764	  3.030
          4.768	  2.860
          4.772	  2.870
          4.776	  3.440
          4.780	  3.755
          4.784	  3.550
          4.788	  3.120
          4.792	  2.915
          4.796	  2.990
          4.800	  3.095
          4.804	  3.145
          4.808	  3.105
          4.812	  3.075
          4.816	  3.095
          4.820	  3.120
          4.824	  3.145
          4.828	  3.180
          4.832	  3.200
          4.836	  3.200
          4.840	  3.210
          4.844	  3.200
          4.848	  3.190
          4.852	  3.200
          4.856	  3.200
          4.860	  3.210
          4.864	  3.200
          4.868	  3.200
          4.872	  3.215
          4.876	  3.210
          4.880	  3.190
          4.884	  3.200
          4.888	  3.200
          4.892	  3.200
          4.896	  3.200
          4.900	  3.190
          4.904	  3.200
          4.908	  3.190
          4.912	  3.180
          4.916	  3.180
          4.920	  3.180
          4.924	  3.165
          4.928	  3.165
          4.932	  3.180
          4.936	  3.180
          4.940	  3.170
          4.944	  3.160
          4.948	  3.145
          4.952	  3.145
          4.956	  3.145
          4.960	  3.140
          4.964	  3.135
          4.968	  3.120
          4.972	  3.105
          4.976	  3.095
          4.980	  3.075
          4.984	  3.075
          4.988	  3.085
          4.992	  3.085
          4.996	  3.075
          5.000	  3.060
          5.004	  3.060
          5.008	  3.080
          5.012	  3.085
          5.016	  3.085
          5.020	  3.105
          5.024	  3.135
          5.028	  3.135
          5.032	  3.145
          5.036	  3.160
          5.040	  3.180
          5.044	  3.215
          5.048	  3.260
          5.052	  3.300
          5.056	  3.325
          5.060	  3.350
          5.064	  3.360
          5.068	  3.375
          5.072	  3.375
          5.076	  3.395
          5.080	  3.400
          5.084	  3.395
          5.088	  3.400
          5.092	  3.390
          5.096	  3.380
          5.100	  3.375
          5.104	  3.380
          5.108	  3.375
          5.112	  3.380
          5.116	  3.380
          5.120	  3.380
          5.124	  3.380
          5.128	  3.380
          5.132	  3.370
          5.136	  3.370
          5.140	  3.380
          5.144	  3.380
          5.148	  3.360
          5.152	  3.375
          5.156	  3.370
          5.160	  3.360
          5.164	  3.360
          5.168	  3.350
          5.172	  3.350
          5.176	  3.360
          5.180	  3.360
          5.184	  3.360
          5.188	  3.350
          5.192	  3.350
          5.196	  3.330
          5.200	  3.340
          5.204	  3.340
          5.208	  3.350
          5.212	  3.340
          5.216	  3.340
          5.220	  3.340
          5.224	  3.310
          5.228	  3.325
          5.232	  3.330
          5.236	  3.325
          5.240	  3.325
          5.244	  3.340
          5.248	  3.340
          5.252	  3.340
          5.256	  3.340
          5.260	  3.320
          5.264	  3.325
          5.268	  3.325
          5.272	  3.325
          5.276	  3.340
          5.280	  3.340
          5.284	  3.350
          5.288	  3.340
          5.292	  3.340
          5.296	  3.340
          5.300	  3.350
          5.304	  3.350
          5.308	  3.350
          5.312	  3.360
          5.316	  3.360
          5.320	  3.370
          5.324	  3.350
          5.328	  3.350
          5.332	  3.350
          5.336	  3.350
          5.340	  3.350
          5.344	  3.360
          5.348	  3.360
          5.352	  3.370
          5.356	  3.380
          5.360	  3.370
          5.364	  3.370
          5.368	  3.375
          5.372	  3.370
          5.376	  3.360
          5.380	  3.360
          5.384	  3.375
          5.388	  3.360
          5.392	  3.370
          5.396	  3.370
          5.400	  3.380
          5.404	  3.375
          5.408	  3.360
          5.412	  3.370
          5.416	  3.380
          5.420	  3.375
          5.424	  3.360
          5.428	  3.350
          5.432	  3.350
          5.436	  3.350
          5.440	  3.360
          5.444	  3.370
          5.448	  3.370
          5.452	  3.350
          5.456	  3.350
          5.460	  3.350
          5.464	  3.350
          5.468	  3.350
          5.472	  3.360
          5.476	  3.360
          5.480	  3.360
          5.484	  3.360
          5.488	  3.360
          5.492	  3.370
          5.496	  3.380
          5.500	  3.400
          5.504	  3.420
          5.508	  3.415
          5.512	  3.425
          5.516	  3.425
          5.520	  3.425
          5.524	  3.415
          5.528	  3.425
          5.532	  3.470
          5.536	  3.500
          5.540	  3.460
          5.544	  3.425
          5.548	  3.445
          5.552	  3.455
          5.556	  3.425
          5.560	  3.400
          5.564	  3.380
          5.568	  3.370
          5.572	  3.360
          5.576	  3.350
          5.580	  3.350
          5.584	  3.360
          5.588	  3.360
          5.592	  3.360
          5.596	  3.350
          5.600	  3.340
          5.604	  3.340
          5.608	  3.340
          5.612	  3.350
          5.616	  3.350
          5.620	  3.350
          5.624	  3.330
          5.628	  3.330
          5.632	  3.325
          5.636	  3.340
          5.640	  3.350
          5.644	  3.340
          5.648	  3.325
          5.652	  3.340
          5.656	  3.330
          5.660	  3.340
          5.664	  3.320
          5.668	  3.275
          5.672	  3.200
          5.676	  3.200
          5.680	  3.180
          5.684	  3.165
          5.688	  3.075
          5.692	  2.900
          5.696	  2.940
          5.700	  3.170
          5.704	  3.165
          5.708	  3.050
          5.712	  2.925
          5.716	  3.300
          5.720	  3.680
          5.724	  3.575
          5.728	  3.200
          5.732	  2.940
          5.736	  3.020
          5.740	  3.120
          5.744	  3.180
          5.748	  3.145
          5.752	  3.125
          5.756	  3.150
          5.760	  3.170
          5.764	  3.180
          5.768	  3.200
          5.772	  3.215
          5.776	  3.220
          5.780	  3.220
          5.784	  3.230
          5.788	  3.235
          5.792	  3.240
          5.796	  3.235
          5.800	  3.230
          5.804	  3.230
          5.808	  3.235
          5.812	  3.235
          5.816	  3.220
          5.820	  3.215
          5.824	  3.200
          5.828	  3.200
          5.832	  3.210
          5.836	  3.210
          5.840	  3.210
          5.844	  3.200
          5.848	  3.200
          5.852	  3.190
          5.856	  3.200
          5.860	  3.190
          5.864	  3.180
          5.868	  3.180
          5.872	  3.180
          5.876	  3.165
          5.880	  3.160
          5.884	  3.160
          5.888	  3.150
          5.892	  3.145
          5.896	  3.125
          5.900	  3.115
          5.904	  3.085
          5.908	  3.080
          5.912	  3.085
          5.916	  3.080
          5.920	  3.060
          5.924	  3.040
          5.928	  3.055
          5.932	  3.040
          5.936	  3.040
          5.940	  3.040
          5.944	  3.040
          5.948	  3.040
          5.952	  3.040
          5.956	  3.055
          5.960	  3.060
          5.964	  3.075
          5.968	  3.105
          5.972	  3.125
          5.976	  3.160
          5.980	  3.190
          5.984	  3.210
          5.988	  3.240
          5.992	  3.265
          5.996	  3.285
          6.000	  3.310
          6.004	  3.320
          6.008	  3.325
          6.012	  3.320
          6.016	  3.325
          6.020	  3.325
          6.024	  3.305
          6.028	  3.305
          6.032	  3.310
          6.036	  3.305
          6.040	  3.305
          6.044	  3.305
          6.048	  3.305
          6.052	  3.300
          6.056	  3.310
          6.060	  3.310
          6.064	  3.305
          6.068	  3.300
          6.072	  3.300
          6.076	  3.300
          6.080	  3.305
          6.084	  3.300
          6.088	  3.300
          6.092	  3.295
          6.096	  3.295
          6.100	  3.285
          6.104	  3.300
          6.108	  3.295
          6.112	  3.285
          6.116	  3.280
          6.120	  3.295
          6.124	  3.280
          6.128	  3.275
          6.132	  3.265
          6.136	  3.255
          6.140	  3.260
          6.144	  3.265
          6.148	  3.255
          6.152	  3.260
          6.156	  3.245
          6.160	  3.245
          6.164	  3.245
          6.168	  3.255
          6.172	  3.240
          6.176	  3.240
          6.180	  3.245
          6.184	  3.245
          6.188	  3.245
          6.192	  3.240
          6.196	  3.245
          6.200	  3.245
          6.204	  3.260
          6.208	  3.255
          6.212	  3.260
          6.216	  3.275
          6.220	  3.265
          6.224	  3.265
          6.228	  3.265
          6.232	  3.275
          6.236	  3.275
          6.240	  3.265
          6.244	  3.260
          6.248	  3.280
          6.252	  3.280
          6.256	  3.280
          6.260	  3.285
          6.264	  3.285
          6.268	  3.280
          6.272	  3.285
          6.276	  3.295
          6.280	  3.300
          6.284	  3.295
          6.288	  3.285
          6.292	  3.295
          6.296	  3.295
          6.300	  3.285
          6.304	  3.295
          6.308	  3.295
          6.312	  3.295
          6.316	  3.305
          6.320	  3.300
          6.324	  3.300
          6.328	  3.300
          6.332	  3.295
          6.336	  3.295
          6.340	  3.295
          6.344	  3.295
          6.348	  3.300
          6.352	  3.300
          6.356	  3.295
          6.360	  3.300
          6.364	  3.280
          6.368	  3.285
          6.372	  3.280
          6.376	  3.295
          6.380	  3.285
          6.384	  3.280
          6.388	  3.285
          6.392	  3.285
          6.396	  3.285
          6.400	  3.280
          6.404	  3.280
          6.408	  3.285
          6.412	  3.275
          6.416	  3.280
          6.420	  3.280
          6.424	  3.280
          6.428	  3.275
          6.432	  3.285
          6.436	  3.285
          6.440	  3.280
          6.444	  3.265
          6.448	  3.265
          6.452	  3.280
          6.456	  3.285
          6.460	  3.275
          6.464	  3.275
          6.468	  3.285
          6.472	  3.310
          6.476	  3.340
          6.480	  3.350
          6.484	  3.350
          6.488	  3.350
          6.492	  3.325
          6.496	  3.305
          6.500	  3.330
          6.504	  3.375
          6.508	  3.380
          6.512	  3.360
          6.516	  3.340
          6.520	  3.350
          6.524	  3.350
          6.528	  3.310
          6.532	  3.300
          6.536	  3.285
          6.540	  3.285
          6.544	  3.275
          6.548	  3.265
          6.552	  3.275
          6.556	  3.280
          6.560	  3.280
          6.564	  3.275
          6.568	  3.275
          6.572	  3.280
          6.576	  3.265
          6.580	  3.275
          6.584	  3.275
          6.588	  3.275
          6.592	  3.275
          6.596	  3.275
          6.600	  3.275
          6.604	  3.265
          6.608	  3.265
          6.612	  3.265
          6.616	  3.265
          6.620	  3.265
          6.624	  3.265
          6.628	  3.260
          6.632	  3.255
          6.636	  3.220
          6.640	  3.165
          6.644	  3.135
          6.648	  3.135
          6.652	  3.095
          6.656	  2.990
          6.660	  2.795
          6.664	  2.785
          6.668	  3.000
          6.672	  3.070
          6.676	  3.010
          6.680	  2.805
          6.684	  2.720
          6.688	  3.200
          6.692	  3.340
          6.696	  3.180
          6.700	  2.900
          6.704	  2.910
          6.708	  3.050
          6.712	  3.120
          6.716	  3.100
          6.720	  3.075
          6.724	  3.070
          6.728	  3.085
          6.732	  3.115
          6.736	  3.120
          6.740	  3.140
          6.744	  3.150
          6.748	  3.150
          6.752	  3.160
          6.756	  3.165
          6.760	  3.150
          6.764	  3.145
          6.768	  3.145
          6.772	  3.145
          6.776	  3.150
          6.780	  3.145
          6.784	  3.150
          6.788	  3.145
          6.792	  3.145
          6.796	  3.140
          6.800	  3.140
          6.804	  3.135
          6.808	  3.125
          6.812	  3.120
          6.816	  3.125
          6.820	  3.115
          6.824	  3.120
          6.828	  3.100
          6.832	  3.100
          6.836	  3.095
          6.840	  3.100
          6.844	  3.085
          6.848	  3.070
          6.852	  3.075
          6.856	  3.060
          6.860	  3.055
          6.864	  3.050
          6.868	  3.040
          6.872	  3.020
          6.876	  3.020
          6.880	  3.000
          6.884	  2.985
          6.888	  2.980
          6.892	  2.960
          6.896	  2.940
          6.900	  2.940
          6.904	  2.940
          6.908	  2.940
          6.912	  2.935
          6.916	  2.935
          6.920	  2.935
          6.924	  2.940
          6.928	  2.940
          6.932	  2.940
          6.936	  2.940
          6.940	  2.975
          6.944	  3.000
          6.948	  3.020
          6.952	  3.055
          6.956	  3.080
          6.960	  3.120
          6.964	  3.165
          6.968	  3.180
          6.972	  3.210
          6.976	  3.220
          6.980	  3.230
          6.984	  3.240
          6.988	  3.240
          6.992	  3.240
          6.996	  3.245
          7.000	  3.240
          7.004	  3.240
          7.008	  3.240
          7.012	  3.240
          7.016	  3.240
          7.020	  3.235
          7.024	  3.220
          7.028	  3.220
          7.032	  3.220
          7.036	  3.220
          7.040	  3.230
          7.044	  3.215
          7.048	  3.215
          7.052	  3.215
          7.056	  3.215
          7.060	  3.200
          7.064	  3.200
          7.068	  3.200
          7.072	  3.200
          7.076	  3.200
          7.080	  3.190
          7.084	  3.190
          7.088	  3.200
          7.092	  3.190
          7.096	  3.200
          7.100	  3.200
          7.104	  3.190
          7.108	  3.190
          7.112	  3.200
          7.116	  3.190
          7.120	  3.190
          7.124	  3.190
          7.128	  3.200
          7.132	  3.180
          7.136	  3.190
          7.140	  3.190
          7.144	  3.180
          7.148	  3.180
          7.152	  3.180
          7.156	  3.180
          7.160	  3.190
          7.164	  3.190
          7.168	  3.180
          7.172	  3.190
          7.176	  3.190
          7.180	  3.190
          7.184	  3.190
          7.188	  3.200
          7.192	  3.200
          7.196	  3.190
          7.200	  3.200
          7.204	  3.200
          7.208	  3.210
          7.212	  3.200
          7.216	  3.210
          7.220	  3.210
          7.224	  3.220
          7.228	  3.215
          7.232	  3.215
          7.236	  3.215
          7.240	  3.220
          7.244	  3.215
          7.248	  3.210
          7.252	  3.210
          7.256	  3.200
          7.260	  3.215
          7.264	  3.215
          7.268	  3.215
          7.272	  3.215
          7.276	  3.220
          7.280	  3.220
          7.284	  3.215
          7.288	  3.220
          7.292	  3.215
          7.296	  3.215
          7.300	  3.230
          7.304	  3.220
          7.308	  3.235
          7.312	  3.230
          7.316	  3.230
          7.320	  3.215
          7.324	  3.220
          7.328	  3.220
          7.332	  3.220
          7.336	  3.220
          7.340	  3.230
          7.344	  3.220
          7.348	  3.220
          7.352	  3.220
          7.356	  3.215
          7.360	  3.215
          7.364	  3.230
          7.368	  3.220
          7.372	  3.220
          7.376	  3.220
          7.380	  3.220
          7.384	  3.230
          7.388	  3.220
          7.392	  3.220
          7.396	  3.220
          7.400	  3.220
          7.404	  3.210
          7.408	  3.215
          7.412	  3.220
          7.416	  3.220
          7.420	  3.210
          7.424	  3.215
          7.428	  3.230
          7.432	  3.220
          7.436	  3.210
          7.440	  3.210
          7.444	  3.215
          7.448	  3.220
          7.452	  3.235
          7.456	  3.230
          7.460	  3.230
          7.464	  3.230
          7.468	  3.260
          7.472	  3.280
          7.476	  3.295
          7.480	  3.300
          7.484	  3.295
          7.488	  3.260
          7.492	  3.240
          7.496	  3.265
          7.500	  3.310
          7.504	  3.305
          7.508	  3.275
          7.512	  3.245
          7.516	  3.255
          7.520	  3.240
          7.524	  3.215
          7.528	  3.215
          7.532	  3.230
          7.536	  3.235
          7.540	  3.235
          7.544	  3.220
          7.548	  3.230
          7.552	  3.220
          7.556	  3.230
          7.560	  3.220
          7.564	  3.230
          7.568	  3.235
          7.572	  3.220
          7.576	  3.220
          7.580	  3.230
          7.584	  3.230
          7.588	  3.230
          7.592	  3.235
          7.596	  3.235
          7.600	  3.235
          7.604	  3.230
          7.608	  3.235
          7.612	  3.230
          7.616	  3.220
          7.620	  3.220
          7.624	  3.220
          7.628	  3.200
          7.632	  3.150
          7.636	  3.095
          7.640	  3.075
          7.644	  3.060
          7.648	  3.000
          7.652	  2.870
          7.656	  2.665
          7.660	  2.760
          7.664	  2.980
          7.668	  2.975
          7.672	  2.870
          7.676	  2.625
          7.680	  2.860
          7.684	  3.360
          7.688	  3.325
          7.692	  3.040
          7.696	  2.825
          7.700	  2.890
          7.704	  3.030
          7.708	  3.060
          7.712	  3.030
          7.716	  3.010
          7.720	  3.030
          7.724	  3.040
          7.728	  3.070
          7.732	  3.085
          7.736	  3.095
          7.740	  3.105
          7.744	  3.115
          7.748	  3.120
          7.752	  3.120
          7.756	  3.120
          7.760	  3.115
          7.764	  3.100
          7.768	  3.105
          7.772	  3.100
          7.776	  3.105
          7.780	  3.095
          7.784	  3.105
          7.788	  3.100
          7.792	  3.095
          7.796	  3.095
          7.800	  3.085
          7.804	  3.075
          7.808	  3.085
          7.812	  3.085
          7.816	  3.085
          7.820	  3.070
          7.824	  3.060
          7.828	  3.055
          7.832	  3.055
          7.836	  3.040
          7.840	  3.040
          7.844	  3.020
          7.848	  3.010
          7.852	  3.010
          7.856	  2.990
          7.860	  2.990
          7.864	  2.975
          7.868	  2.975
          7.872	  2.960
          7.876	  2.940
          7.880	  2.925
          7.884	  2.910
          7.888	  2.880
          7.892	  2.890
          7.896	  2.890
          7.900	  2.880
          7.904	  2.870
          7.908	  2.880
          7.912	  2.880
          7.916	  2.880
          7.920	  2.880
          7.924	  2.890
          7.928	  2.920
          7.932	  2.940
          7.936	  2.960
          7.940	  2.990
          7.944	  3.040
          7.948	  3.070
          7.952	  3.100
          7.956	  3.140
          7.960	  3.180
          7.964	  3.200
          7.968	  3.215
          7.972	  3.230
          7.976	  3.220
          7.980	  3.235
          7.984	  3.235
          7.988	  3.220
          7.992	  3.230
          7.996	  3.220
          8.000	  3.215
          8.004	  3.210
          8.008	  3.200
          8.012	  3.210
          8.016	  3.190
          8.020	  3.180
          8.024	  3.180
          8.028	  3.190
          8.032	  3.200
          8.036	  3.190
          8.040	  3.200
          8.044	  3.190
          8.048	  3.190
          8.052	  3.190
          8.056	  3.200
          8.060	  3.180
          8.064	  3.190
          8.068	  3.180
          8.072	  3.180
          8.076	  3.180
          8.080	  3.170
          8.084	  3.180
          8.088	  3.180
          8.092	  3.180
          8.096	  3.170
          8.100	  3.170
          8.104	  3.170
          8.108	  3.165
          8.112	  3.180
          8.116	  3.180
          8.120	  3.180
          8.124	  3.165
          8.128	  3.165
          8.132	  3.165
          8.136	  3.170
          8.140	  3.165
          8.144	  3.165
          8.148	  3.180
          8.152	  3.180
          8.156	  3.180
          8.160	  3.180
          8.164	  3.165
          8.168	  3.180
          8.172	  3.190
          8.176	  3.190
          8.180	  3.190
          8.184	  3.200
          8.188	  3.180
          8.192	  3.190
          8.196	  3.190
          8.200	  3.200
          8.204	  3.190
          8.208	  3.190
          8.212	  3.200
          8.216	  3.200
          8.220	  3.200
          8.224	  3.200
          8.228	  3.215
          8.232	  3.215
          8.236	  3.210
          8.240	  3.200
          8.244	  3.200
          8.248	  3.210
          8.252	  3.200
          8.256	  3.200
          8.260	  3.220
          8.264	  3.220
          8.268	  3.215
          8.272	  3.215
          8.276	  3.230
          8.280	  3.220
          8.284	  3.200
          8.288	  3.210
          8.292	  3.200
          8.296	  3.220
          8.300	  3.230
          8.304	  3.235
          8.308	  3.230
          8.312	  3.220
          8.316	  3.220
          8.320	  3.230
          8.324	  3.230
          8.328	  3.230
          8.332	  3.220
          8.336	  3.220
          8.340	  3.215
          8.344	  3.220
          8.348	  3.230
          8.352	  3.230
          8.356	  3.220
          8.360	  3.230
          8.364	  3.220
          8.368	  3.230
          8.372	  3.230
          8.376	  3.220
          8.380	  3.235
          8.384	  3.240
          8.388	  3.235
          8.392	  3.215
          8.396	  3.215
          8.400	  3.230
          8.404	  3.245
          8.408	  3.245
          8.412	  3.235
          8.416	  3.240
          8.420	  3.235
          8.424	  3.240
          8.428	  3.240
          8.432	  3.235
          8.436	  3.235
          8.440	  3.235
          8.444	  3.235
          8.448	  3.260
          8.452	  3.295
          8.456	  3.310
          8.460	  3.325
          8.464	  3.340
          8.468	  3.330
          8.472	  3.285
          8.476	  3.280
          8.480	  3.305
          8.484	  3.340
          8.488	  3.340
          8.492	  3.300
          8.496	  3.295
          8.500	  3.295
          8.504	  3.275
          8.508	  3.245
          8.512	  3.260
          8.516	  3.245
          8.520	  3.265
          8.524	  3.260
          8.528	  3.255
          8.532	  3.265
          8.536	  3.275
          8.540	  3.255
          8.544	  3.245
          8.548	  3.245
          8.552	  3.245
          8.556	  3.245
          8.560	  3.245
          8.564	  3.255
          8.568	  3.245
          8.572	  3.245
          8.576	  3.260
          8.580	  3.245
          8.584	  3.260
          8.588	  3.260
          8.592	  3.245
          8.596	  3.245
          8.600	  3.235
          8.604	  3.240
          8.608	  3.245
          8.612	  3.235
          8.616	  3.200
          8.620	  3.150
          8.624	  3.095
          8.628	  3.075
          8.632	  3.040
          8.636	  2.990
          8.640	  2.840
          8.644	  2.740
          8.648	  2.955
          8.652	  3.060
          8.656	  2.980
          8.660	  2.820
          8.664	  2.940
          8.668	  3.585
          8.672	  3.680
          8.676	  3.330
          8.680	  2.935
          8.684	  2.850
          8.688	  2.975
          8.692	  3.075
          8.696	  3.075
          8.700	  3.030
          8.704	  3.030
          8.708	  3.055
          8.712	  3.080
          8.716	  3.105
          8.720	  3.115
          8.724	  3.120
          8.728	  3.140
          8.732	  3.140
          8.736	  3.145
          8.740	  3.145
          8.744	  3.145
          8.748	  3.145
          8.752	  3.145
          8.756	  3.140
          8.760	  3.125
          8.764	  3.135
          8.768	  3.140
          8.772	  3.145
          8.776	  3.145
          8.780	  3.120
          8.784	  3.115
          8.788	  3.120
          8.792	  3.115
          8.796	  3.100
          8.800	  3.105
          8.804	  3.115
          8.808	  3.100
          8.812	  3.085
          8.816	  3.085
          8.820	  3.085
          8.824	  3.075
          8.828	  3.070
          8.832	  3.055
          8.836	  3.040
          8.840	  3.040
          8.844	  3.040
          8.848	  3.040
          8.852	  3.040
          8.856	  3.030
          8.860	  3.010
          8.864	  3.000
          8.868	  2.990
          8.872	  3.000
          8.876	  2.990
          8.880	  2.985
          8.884	  2.980
          8.888	  2.965
          8.892	  2.975
          8.896	  2.980
          8.900	  2.985
          8.904	  2.990
          8.908	  3.005
          8.912	  3.010
          8.916	  3.010
          8.920	  3.030
          8.924	  3.060
          8.928	  3.095
          8.932	  3.135
          8.936	  3.165
          8.940	  3.190
          8.944	  3.215
          8.948	  3.245
          8.952	  3.275
          8.956	  3.275
          8.960	  3.280
          8.964	  3.295
          8.968	  3.300
          8.972	  3.295
          8.976	  3.285
          8.980	  3.280
          8.984	  3.275
          8.988	  3.280
          8.992	  3.275
          8.996	  3.265
          9.000	  3.275
          9.004	  3.280
          9.008	  3.275
          9.012	  3.265
          9.016	  3.275
          9.020	  3.280
          9.024	  3.285
          9.028	  3.280
          9.032	  3.275
          9.036	  3.260
          9.040	  3.260
          9.044	  3.265
          9.048	  3.275
          9.052	  3.275
          9.056	  3.265
          9.060	  3.275
          9.064	  3.275
          9.068	  3.265
          9.072	  3.245
          9.076	  3.240
          9.080	  3.245
          9.084	  3.240
          9.088	  3.245
          9.092	  3.235
          9.096	  3.230
          9.100	  3.240
          9.104	  3.235
          9.108	  3.220
          9.112	  3.230
          9.116	  3.230
          9.120	  3.235
          9.124	  3.220
          9.128	  3.235
          9.132	  3.235
          9.136	  3.220
          9.140	  3.215
          9.144	  3.220
          9.148	  3.220
          9.152	  3.230
          9.156	  3.230
          9.160	  3.220
          9.164	  3.230
          9.168	  3.230
          9.172	  3.235
          9.176	  3.235
          9.180	  3.235
          9.184	  3.230
          9.188	  3.235
          9.192	  3.245
          9.196	  3.245
          9.200	  3.255
          9.204	  3.260
          9.208	  3.255
          9.212	  3.255
          9.216	  3.265
          9.220	  3.265
          9.224	  3.255
          9.228	  3.260
          9.232	  3.260
          9.236	  3.260
          9.240	  3.275
          9.244	  3.275
          9.248	  3.260
          9.252	  3.245
          9.256	  3.265
          9.260	  3.280
          9.264	  3.275
          9.268	  3.275
          9.272	  3.275
          9.276	  3.275
          9.280	  3.280
          9.284	  3.280
          9.288	  3.265
          9.292	  3.285
          9.296	  3.285
          9.300	  3.275
          9.304	  3.275
          9.308	  3.265
          9.312	  3.265
          9.316	  3.275
          9.320	  3.275
          9.324	  3.260
          9.328	  3.265
          9.332	  3.275
          9.336	  3.275
          9.340	  3.275
          9.344	  3.275
          9.348	  3.280
          9.352	  3.285
          9.356	  3.280
          9.360	  3.275
          9.364	  3.280
          9.368	  3.275
          9.372	  3.265
          9.376	  3.275
          9.380	  3.275
          9.384	  3.275
          9.388	  3.275
          9.392	  3.265
          9.396	  3.265
          9.400	  3.275
          9.404	  3.275
          9.408	  3.280
          9.412	  3.275
          9.416	  3.285
          9.420	  3.280
          9.424	  3.280
          9.428	  3.280
          9.432	  3.310
          9.436	  3.325
          9.440	  3.340
          9.444	  3.350
          9.448	  3.370
          9.452	  3.340
          9.456	  3.320
          9.460	  3.330
          9.464	  3.375
          9.468	  3.380
          9.472	  3.350
          9.476	  3.325
          9.480	  3.340
          9.484	  3.325
          9.488	  3.295
          9.492	  3.280
          9.496	  3.295
          9.500	  3.285
          9.504	  3.285
          9.508	  3.275
          9.512	  3.275
          9.516	  3.280
          9.520	  3.265
          9.524	  3.265
          9.528	  3.275
          9.532	  3.265
          9.536	  3.265
          9.540	  3.265
          9.544	  3.265
          9.548	  3.275
          9.552	  3.280
          9.556	  3.280
          9.560	  3.275
          9.564	  3.265
          9.568	  3.275
          9.572	  3.280
          9.576	  3.275
          9.580	  3.275
          9.584	  3.265
          9.588	  3.245
          9.592	  3.245
          9.596	  3.230
          9.600	  3.180
          9.604	  3.135
          9.608	  3.100
          9.612	  3.095
          9.616	  3.060
          9.620	  2.940
          9.624	  2.785
          9.628	  2.900
          9.632	  3.075
          9.636	  3.040
          9.640	  2.910
          9.644	  2.830
          9.648	  3.260
          9.652	  3.575
          9.656	  3.425
          9.660	  3.055
          9.664	  2.860
          9.668	  2.955
          9.672	  3.070
          9.676	  3.095
          9.680	  3.055
          9.684	  3.040
          9.688	  3.060
          9.692	  3.095
          9.696	  3.120
          9.700	  3.125
          9.704	  3.140
          9.708	  3.145
          9.712	  3.160
          9.716	  3.160
          9.720	  3.150
          9.724	  3.145
          9.728	  3.145
          9.732	  3.145
          9.736	  3.140
          9.740	  3.145
          9.744	  3.145
          9.748	  3.145
          9.752	  3.145
          9.756	  3.140
          9.760	  3.125
          9.764	  3.115
          9.768	  3.120
          9.772	  3.135
          9.776	  3.135
          9.780	  3.120
          9.784	  3.120
          9.788	  3.120
          9.792	  3.105
          9.796	  3.095
          9.800	  3.095
          9.804	  3.095
          9.808	  3.095
          9.812	  3.075
          9.816	  3.075
          9.820	  3.060
          9.824	  3.060
          9.828	  3.050
          9.832	  3.040
          9.836	  3.020
          9.840	  3.010
          9.844	  3.010
          9.848	  3.005
          9.852	  2.985
          9.856	  2.980
          9.860	  2.980
          9.864	  2.960
          9.868	  2.960
          9.872	  2.960
          9.876	  2.975
          9.880	  2.980
          9.884	  2.975
          9.888	  2.975
          9.892	  2.975
          9.896	  2.990
          9.900	  3.000
          9.904	  3.020
          9.908	  3.040
          9.912	  3.070
          9.916	  3.100
          9.920	  3.135
          9.924	  3.180
          9.928	  3.200
          9.932	  3.220
          9.936	  3.235
          9.940	  3.245
          9.944	  3.260
          9.948	  3.265
          9.952	  3.265
          9.956	  3.265
          9.960	  3.275
          9.964	  3.260
          9.968	  3.245
          9.972	  3.245
          9.976	  3.260
          9.980	  3.245
          9.984	  3.255
          9.988	  3.245
          9.992	  3.245
          9.996	  3.240
