          0.000	 14.059
          0.004	 14.059
          0.008	 14.081
          0.012	 14.037
          0.016	 14.022
          0.020	 14.022
          0.024	 14.044
          0.028	 14.059
          0.032	 14.044
          0.036	 14.059
          0.040	 14.059
          0.044	 14.067
          0.048	 14.059
          0.052	 14.044
          0.056	 14.022
          0.060	 14.037
          0.064	 14.007
          0.068	 14.022
          0.072	 14.022
          0.076	 14.022
          0.080	 14.000
          0.084	 14.000
          0.088	 14.000
          0.092	 13.985
          0.096	 13.985
          0.100	 13.985
          0.104	 13.985
          0.108	 13.985
          0.112	 14.007
          0.116	 14.022
          0.120	 14.022
          0.124	 14.007
          0.128	 14.000
          0.132	 14.000
          0.136	 14.000
          0.140	 14.007
          0.144	 14.022
          0.148	 13.985
          0.152	 14.022
          0.156	 14.022
          0.160	 14.007
          0.164	 14.022
          0.168	 14.022
          0.172	 14.007
          0.176	 14.037
          0.180	 13.985
          0.184	 14.000
          0.188	 13.985
          0.192	 14.007
          0.196	 14.037
          0.200	 13.985
          0.204	 14.007
          0.208	 14.007
          0.212	 14.007
          0.216	 14.022
          0.220	 13.985
          0.224	 14.007
          0.228	 13.978
          0.232	 13.985
          0.236	 14.022
          0.240	 14.037
          0.244	 14.007
          0.248	 13.985
          0.252	 13.948
          0.256	 13.911
          0.260	 13.852
          0.264	 13.830
          0.268	 13.793
          0.272	 13.793
          0.276	 13.793
          0.280	 13.785
          0.284	 13.785
          0.288	 13.763
          0.292	 13.733
          0.296	 13.726
          0.300	 13.674
          0.304	 13.667
          0.308	 13.637
          0.312	 13.607
          0.316	 13.541
          0.320	 13.541
          0.324	 13.570
          0.328	 13.637
          0.332	 13.696
          0.336	 13.770
          0.340	 13.763
          0.344	 13.696
          0.348	 13.748
          0.352	 13.770
          0.356	 13.822
          0.360	 13.830
          0.364	 13.852
          0.368	 13.926
          0.372	 13.926
          0.376	 13.926
          0.380	 13.978
          0.384	 14.007
          0.388	 13.985
          0.392	 13.985
          0.396	 13.985
          0.400	 14.007
          0.404	 14.007
          0.408	 13.985
          0.412	 13.985
          0.416	 13.985
          0.420	 13.985
          0.424	 13.985
          0.428	 13.985
          0.432	 14.007
          0.436	 13.985
          0.440	 13.985
          0.444	 13.985
          0.448	 13.985
          0.452	 14.007
          0.456	 13.985
          0.460	 13.985
          0.464	 13.978
          0.468	 13.985
          0.472	 13.985
          0.476	 13.985
          0.480	 14.007
          0.484	 13.978
          0.488	 13.985
          0.492	 13.985
          0.496	 13.978
          0.500	 13.978
          0.504	 13.978
          0.508	 13.985
          0.512	 14.007
          0.516	 13.978
          0.520	 13.985
          0.524	 13.978
          0.528	 13.978
          0.532	 14.022
          0.536	 13.978
          0.540	 13.978
          0.544	 13.978
          0.548	 13.985
          0.552	 14.007
          0.556	 13.978
          0.560	 13.985
          0.564	 13.963
          0.568	 13.978
          0.572	 13.978
          0.576	 13.963
          0.580	 13.948
          0.584	 13.941
          0.588	 13.963
          0.592	 13.948
          0.596	 13.948
          0.600	 13.948
          0.604	 13.926
          0.608	 13.941
          0.612	 13.948
          0.616	 13.926
          0.620	 13.926
          0.624	 13.926
          0.628	 13.926
          0.632	 13.926
          0.636	 13.926
          0.640	 13.911
          0.644	 13.911
          0.648	 13.926
          0.652	 13.926
          0.656	 13.904
          0.660	 13.889
          0.664	 13.889
          0.668	 13.889
          0.672	 13.926
          0.676	 13.889
          0.680	 13.881
          0.684	 13.881
          0.688	 13.867
          0.692	 13.881
          0.696	 13.844
          0.700	 13.793
          0.704	 13.844
          0.708	 13.830
          0.712	 13.830
          0.716	 13.807
          0.720	 13.785
          0.724	 13.793
          0.728	 13.793
          0.732	 13.785
          0.736	 13.785
          0.740	 13.763
          0.744	 13.763
          0.748	 13.748
          0.752	 13.733
          0.756	 13.726
          0.760	 13.696
          0.764	 13.696
          0.768	 13.696
          0.772	 13.689
          0.776	 13.689
          0.780	 13.689
          0.784	 13.696
          0.788	 13.674
          0.792	 13.689
          0.796	 13.689
          0.800	 13.674
          0.804	 13.689
          0.808	 13.652
          0.812	 13.689
          0.816	 13.689
          0.820	 13.667
          0.824	 13.652
          0.828	 13.667
          0.832	 13.674
          0.836	 13.689
          0.840	 13.733
          0.844	 13.733
          0.848	 13.763
          0.852	 13.770
          0.856	 13.793
          0.860	 13.822
          0.864	 13.852
          0.868	 13.830
          0.872	 13.881
          0.876	 13.889
          0.880	 13.911
          0.884	 13.911
          0.888	 13.978
          0.892	 13.963
          0.896	 13.978
          0.900	 13.948
          0.904	 13.978
          0.908	 13.985
          0.912	 13.978
          0.916	 13.985
          0.920	 13.985
          0.924	 13.985
          0.928	 14.007
          0.932	 14.007
          0.936	 14.022
          0.940	 14.022
          0.944	 14.044
          0.948	 14.037
          0.952	 14.044
          0.956	 14.044
          0.960	 14.037
          0.964	 14.022
          0.968	 14.022
          0.972	 14.022
          0.976	 14.007
          0.980	 14.007
          0.984	 14.037
          0.988	 14.022
          0.992	 14.022
          0.996	 14.022
          1.000	 14.022
          1.004	 14.037
          1.008	 14.037
          1.012	 14.022
          1.016	 14.044
          1.020	 14.022
          1.024	 14.022
          1.028	 13.985
          1.032	 14.007
          1.036	 13.985
          1.040	 13.985
          1.044	 13.985
          1.048	 13.985
          1.052	 13.985
          1.056	 14.044
          1.060	 14.007
          1.064	 13.985
          1.068	 13.985
          1.072	 13.985
          1.076	 14.022
          1.080	 13.985
          1.084	 13.985
          1.088	 13.985
          1.092	 13.985
          1.096	 14.037
          1.100	 13.985
          1.104	 14.000
          1.108	 14.044
          1.112	 14.037
          1.116	 14.044
          1.120	 14.022
          1.124	 14.022
          1.128	 14.022
          1.132	 14.007
          1.136	 14.022
          1.140	 14.022
          1.144	 14.022
          1.148	 14.007
          1.152	 14.007
          1.156	 13.985
          1.160	 14.000
          1.164	 14.007
          1.168	 14.007
          1.172	 14.007
          1.176	 13.985
          1.180	 13.985
          1.184	 14.000
          1.188	 13.985
          1.192	 13.985
          1.196	 13.978
          1.200	 13.985
          1.204	 13.985
          1.208	 13.978
          1.212	 13.985
          1.216	 13.963
          1.220	 13.978
          1.224	 14.022
          1.228	 13.985
          1.232	 13.978
          1.236	 13.963
          1.240	 13.985
          1.244	 14.000
          1.248	 13.948
          1.252	 13.978
          1.256	 13.978
          1.260	 13.978
          1.264	 13.978
          1.268	 13.978
          1.272	 13.978
          1.276	 13.963
          1.280	 13.963
          1.284	 13.978
          1.288	 13.978
          1.292	 13.963
          1.296	 13.978
          1.300	 13.985
          1.304	 13.978
          1.308	 13.985
          1.312	 13.985
          1.316	 13.985
          1.320	 13.985
          1.324	 13.978
          1.328	 13.985
          1.332	 13.978
          1.336	 13.985
          1.340	 13.963
          1.344	 13.978
          1.348	 13.978
          1.352	 13.978
          1.356	 13.978
          1.360	 13.985
          1.364	 13.978
          1.368	 13.985
          1.372	 13.985
          1.376	 13.978
          1.380	 13.985
          1.384	 13.985
          1.388	 13.985
          1.392	 14.022
          1.396	 13.985
          1.400	 13.985
          1.404	 13.978
          1.408	 13.985
          1.412	 14.037
          1.416	 13.985
          1.420	 13.985
          1.424	 13.985
          1.428	 13.985
          1.432	 14.022
          1.436	 13.985
          1.440	 13.985
          1.444	 13.978
          1.448	 13.978
          1.452	 13.978
          1.456	 13.985
          1.460	 13.985
          1.464	 13.985
          1.468	 14.007
          1.472	 14.000
          1.476	 14.007
          1.480	 14.000
          1.484	 13.985
          1.488	 14.007
          1.492	 13.985
          1.496	 14.007
          1.500	 14.000
          1.504	 14.000
          1.508	 14.022
          1.512	 14.022
          1.516	 14.022
          1.520	 14.022
          1.524	 14.000
          1.528	 14.022
          1.532	 14.007
          1.536	 14.022
          1.540	 14.044
          1.544	 14.022
          1.548	 14.037
          1.552	 14.037
          1.556	 14.037
          1.560	 14.044
          1.564	 14.044
          1.568	 14.067
          1.572	 14.081
          1.576	 14.096
          1.580	 14.141
          1.584	 14.081
          1.588	 14.059
          1.592	 14.044
          1.596	 14.044
          1.600	 14.081
          1.604	 14.037
          1.608	 14.022
          1.612	 14.022
          1.616	 14.022
          1.620	 14.007
          1.624	 14.022
          1.628	 14.007
          1.632	 14.022
          1.636	 14.022
          1.640	 14.044
          1.644	 14.022
          1.648	 14.022
          1.652	 14.000
          1.656	 14.007
          1.660	 13.985
          1.664	 13.985
          1.668	 13.985
          1.672	 13.985
          1.676	 13.985
          1.680	 13.985
          1.684	 13.978
          1.688	 13.985
          1.692	 13.985
          1.696	 13.978
          1.700	 13.978
          1.704	 13.985
          1.708	 13.985
          1.712	 13.985
          1.716	 13.978
          1.720	 13.978
          1.724	 13.978
          1.728	 13.985
          1.732	 13.963
          1.736	 13.978
          1.740	 13.978
          1.744	 13.978
          1.748	 14.022
          1.752	 13.985
          1.756	 13.978
          1.760	 13.978
          1.764	 13.985
          1.768	 14.037
          1.772	 13.985
          1.776	 13.985
          1.780	 13.978
          1.784	 13.978
          1.788	 13.985
          1.792	 13.978
          1.796	 13.978
          1.800	 13.978
          1.804	 13.963
          1.808	 13.978
          1.812	 13.985
          1.816	 13.978
          1.820	 13.978
          1.824	 13.978
          1.828	 13.948
          1.832	 13.941
          1.836	 13.941
          1.840	 13.926
          1.844	 13.926
          1.848	 13.948
          1.852	 13.948
          1.856	 13.941
          1.860	 13.911
          1.864	 13.881
          1.868	 13.852
          1.872	 13.822
          1.876	 13.763
          1.880	 13.793
          1.884	 13.793
          1.888	 13.822
          1.892	 13.793
          1.896	 13.830
          1.900	 13.807
          1.904	 13.822
          1.908	 13.785
          1.912	 13.763
          1.916	 13.726
          1.920	 13.689
          1.924	 13.667
          1.928	 13.652
          1.932	 13.630
          1.936	 13.607
          1.940	 13.674
          1.944	 13.696
          1.948	 13.696
          1.952	 13.674
          1.956	 13.630
          1.960	 13.667
          1.964	 13.674
          1.968	 13.696
          1.972	 13.748
          1.976	 13.785
          1.980	 13.807
          1.984	 13.844
          1.988	 13.867
          1.992	 13.881
          1.996	 13.867
          2.000	 13.911
          2.004	 13.904
          2.008	 13.911
          2.012	 13.926
          2.016	 13.926
          2.020	 13.941
          2.024	 13.926
          2.028	 13.911
          2.032	 13.941
          2.036	 13.926
          2.040	 13.926
          2.044	 13.926
          2.048	 13.911
          2.052	 13.911
          2.056	 13.948
          2.060	 13.941
          2.064	 13.911
          2.068	 13.926
          2.072	 13.926
          2.076	 13.926
          2.080	 13.926
          2.084	 13.926
          2.088	 13.941
          2.092	 13.926
          2.096	 13.926
          2.100	 13.948
          2.104	 13.889
          2.108	 13.926
          2.112	 13.926
          2.116	 13.911
          2.120	 13.941
          2.124	 13.904
          2.128	 13.926
          2.132	 13.926
          2.136	 13.926
          2.140	 13.926
          2.144	 13.911
          2.148	 13.926
          2.152	 13.926
          2.156	 13.889
          2.160	 13.911
          2.164	 13.911
          2.168	 13.889
          2.172	 13.889
          2.176	 13.881
          2.180	 13.889
          2.184	 13.889
          2.188	 13.889
          2.192	 13.889
          2.196	 13.889
          2.200	 13.926
          2.204	 13.926
          2.208	 13.926
          2.212	 13.911
          2.216	 13.889
          2.220	 13.889
          2.224	 13.911
          2.228	 13.889
          2.232	 13.881
          2.236	 13.889
          2.240	 13.889
          2.244	 13.889
          2.248	 13.881
          2.252	 13.881
          2.256	 13.881
          2.260	 13.881
          2.264	 13.889
          2.268	 13.889
          2.272	 13.844
          2.276	 13.867
          2.280	 13.852
          2.284	 13.881
          2.288	 13.852
          2.292	 13.822
          2.296	 13.844
          2.300	 13.852
          2.304	 13.852
          2.308	 13.830
          2.312	 13.830
          2.316	 13.830
          2.320	 13.830
          2.324	 13.822
          2.328	 13.793
          2.332	 13.785
          2.336	 13.785
          2.340	 13.785
          2.344	 13.785
          2.348	 13.763
          2.352	 13.763
          2.356	 13.733
          2.360	 13.711
          2.364	 13.733
          2.368	 13.726
          2.372	 13.696
          2.376	 13.696
          2.380	 13.689
          2.384	 13.689
          2.388	 13.689
          2.392	 13.689
          2.396	 13.674
          2.400	 13.637
          2.404	 13.652
          2.408	 13.637
          2.412	 13.630
          2.416	 13.637
          2.420	 13.637
          2.424	 13.652
          2.428	 13.637
          2.432	 13.652
          2.436	 13.637
          2.440	 13.637
          2.444	 13.667
          2.448	 13.667
          2.452	 13.689
          2.456	 13.689
          2.460	 13.652
          2.464	 13.696
          2.468	 13.726
          2.472	 13.733
          2.476	 13.726
          2.480	 13.726
          2.484	 13.770
          2.488	 13.785
          2.492	 13.793
          2.496	 13.830
          2.500	 13.830
          2.504	 13.852
          2.508	 13.867
          2.512	 13.889
          2.516	 13.911
          2.520	 13.911
          2.524	 13.911
          2.528	 13.948
          2.532	 13.948
          2.536	 13.948
          2.540	 13.978
          2.544	 13.978
          2.548	 13.978
          2.552	 13.978
          2.556	 13.978
          2.560	 13.978
          2.564	 13.978
          2.568	 13.985
          2.572	 13.978
          2.576	 13.985
          2.580	 13.978
          2.584	 13.985
          2.588	 14.007
          2.592	 14.007
          2.596	 14.000
          2.600	 13.985
          2.604	 14.000
          2.608	 14.000
          2.612	 14.007
          2.616	 14.007
          2.620	 13.985
          2.624	 14.022
          2.628	 14.067
          2.632	 14.022
          2.636	 14.022
          2.640	 14.000
          2.644	 14.022
          2.648	 14.044
          2.652	 14.007
          2.656	 14.000
          2.660	 14.007
          2.664	 14.022
          2.668	 14.022
          2.672	 14.022
          2.676	 14.000
          2.680	 14.007
          2.684	 14.007
          2.688	 14.022
          2.692	 14.000
          2.696	 14.022
          2.700	 14.007
          2.704	 14.000
          2.708	 13.985
          2.712	 13.985
          2.716	 14.007
          2.720	 13.985
          2.724	 14.007
          2.728	 13.985
          2.732	 13.985
          2.736	 14.007
          2.740	 14.007
          2.744	 14.022
          2.748	 14.007
          2.752	 14.022
          2.756	 14.007
          2.760	 14.007
          2.764	 14.022
          2.768	 14.007
          2.772	 14.022
          2.776	 14.022
          2.780	 14.007
          2.784	 14.022
          2.788	 14.007
          2.792	 14.022
          2.796	 14.037
          2.800	 14.022
          2.804	 14.000
          2.808	 14.022
          2.812	 14.022
          2.816	 14.059
          2.820	 14.022
          2.824	 14.022
          2.828	 14.007
          2.832	 14.007
          2.836	 14.044
          2.840	 14.022
          2.844	 14.022
          2.848	 14.007
          2.852	 14.022
          2.856	 14.022
          2.860	 14.007
          2.864	 14.022
          2.868	 14.007
          2.872	 14.022
          2.876	 14.037
          2.880	 14.007
          2.884	 14.037
          2.888	 14.022
          2.892	 14.037
          2.896	 14.022
          2.900	 14.037
          2.904	 14.022
          2.908	 14.037
          2.912	 14.022
          2.916	 14.022
          2.920	 14.022
          2.924	 14.022
          2.928	 14.022
          2.932	 14.022
          2.936	 14.022
          2.940	 14.022
          2.944	 14.037
          2.948	 14.022
          2.952	 14.022
          2.956	 14.037
          2.960	 14.037
          2.964	 14.037
          2.968	 14.022
          2.972	 14.044
          2.976	 14.022
          2.980	 14.022
          2.984	 14.067
          2.988	 14.022
          2.992	 14.022
          2.996	 13.985
          3.000	 14.000
          3.004	 14.037
          3.008	 14.007
          3.012	 14.022
          3.016	 14.022
          3.020	 14.022
          3.024	 14.022
          3.028	 14.022
          3.032	 14.022
          3.036	 14.022
          3.040	 14.022
          3.044	 14.037
          3.048	 14.037
          3.052	 14.022
          3.056	 14.022
          3.060	 14.037
          3.064	 14.022
          3.068	 14.022
          3.072	 14.022
          3.076	 14.037
          3.080	 14.037
          3.084	 14.022
          3.088	 14.022
          3.092	 14.007
          3.096	 14.037
          3.100	 14.022
          3.104	 14.007
          3.108	 14.022
          3.112	 14.022
          3.116	 14.022
          3.120	 14.037
          3.124	 14.022
          3.128	 14.022
          3.132	 14.037
          3.136	 14.022
          3.140	 14.037
          3.144	 14.037
          3.148	 14.037
          3.152	 14.104
          3.156	 14.067
          3.160	 14.081
          3.164	 14.067
          3.168	 14.081
          3.172	 14.111
          3.176	 14.081
          3.180	 14.081
          3.184	 14.081
          3.188	 14.081
          3.192	 14.104
          3.196	 14.104
          3.200	 14.104
          3.204	 14.081
          3.208	 14.111
          3.212	 14.141
          3.216	 14.141
          3.220	 14.156
          3.224	 14.156
          3.228	 14.141
          3.232	 14.141
          3.236	 14.111
          3.240	 14.111
          3.244	 14.111
          3.248	 14.081
          3.252	 14.081
          3.256	 14.081
          3.260	 14.081
          3.264	 14.067
          3.268	 14.059
          3.272	 14.044
          3.276	 14.067
          3.280	 14.067
          3.284	 14.067
          3.288	 14.067
          3.292	 14.067
          3.296	 14.081
          3.300	 14.067
          3.304	 14.067
          3.308	 14.067
          3.312	 14.044
          3.316	 14.044
          3.320	 14.022
          3.324	 14.022
          3.328	 14.022
          3.332	 14.022
          3.336	 14.022
          3.340	 14.067
          3.344	 14.037
          3.348	 14.022
          3.352	 14.022
          3.356	 14.022
          3.360	 14.067
          3.364	 14.022
          3.368	 14.022
          3.372	 14.000
          3.376	 14.007
          3.380	 14.022
          3.384	 14.007
          3.388	 14.007
          3.392	 14.000
          3.396	 14.007
          3.400	 14.022
          3.404	 13.985
          3.408	 14.000
          3.412	 13.985
          3.416	 14.007
          3.420	 13.985
          3.424	 13.985
          3.428	 13.985
          3.432	 13.985
          3.436	 13.985
          3.440	 13.985
          3.444	 13.985
          3.448	 13.985
          3.452	 13.985
          3.456	 14.007
          3.460	 14.000
          3.464	 14.022
          3.468	 14.007
          3.472	 13.985
          3.476	 13.985
          3.480	 13.985
          3.484	 13.985
          3.488	 13.985
          3.492	 13.985
          3.496	 14.022
          3.500	 13.985
          3.504	 13.985
          3.508	 13.985
          3.512	 13.911
          3.516	 13.881
          3.520	 13.852
          3.524	 13.830
          3.528	 13.763
          3.532	 13.793
          3.536	 13.793
          3.540	 13.793
          3.544	 13.793
          3.548	 13.785
          3.552	 13.793
          3.556	 13.763
          3.560	 13.733
          3.564	 13.726
          3.568	 13.696
          3.572	 13.674
          3.576	 13.637
          3.580	 13.607
          3.584	 13.637
          3.588	 13.696
          3.592	 13.763
          3.596	 13.763
          3.600	 13.763
          3.604	 13.726
          3.608	 13.748
          3.612	 13.785
          3.616	 13.822
          3.620	 13.844
          3.624	 13.889
          3.628	 13.926
          3.632	 13.941
          3.636	 13.941
          3.640	 13.963
          3.644	 13.978
          3.648	 13.985
          3.652	 13.985
          3.656	 13.985
          3.660	 13.985
          3.664	 13.985
          3.668	 13.978
          3.672	 14.007
          3.676	 14.022
          3.680	 13.985
          3.684	 13.985
          3.688	 13.978
          3.692	 13.985
          3.696	 14.007
          3.700	 13.978
          3.704	 13.985
          3.708	 13.978
          3.712	 13.985
          3.716	 14.000
          3.720	 13.985
          3.724	 13.985
          3.728	 13.985
          3.732	 13.985
          3.736	 13.985
          3.740	 13.985
          3.744	 13.985
          3.748	 13.985
          3.752	 14.007
          3.756	 13.985
          3.760	 13.985
          3.764	 13.985
          3.768	 13.985
          3.772	 13.985
          3.776	 13.985
          3.780	 13.985
          3.784	 13.985
          3.788	 13.978
          3.792	 13.985
          3.796	 13.978
          3.800	 13.978
          3.804	 13.978
          3.808	 13.978
          3.812	 13.963
          3.816	 13.948
          3.820	 13.978
          3.824	 13.978
          3.828	 13.978
          3.832	 13.978
          3.836	 13.963
          3.840	 13.948
          3.844	 13.948
          3.848	 13.941
          3.852	 13.948
          3.856	 13.926
          3.860	 13.926
          3.864	 13.881
          3.868	 13.926
          3.872	 13.926
          3.876	 13.911
          3.880	 13.926
          3.884	 13.881
          3.888	 13.911
          3.892	 13.904
          3.896	 13.881
          3.900	 13.889
          3.904	 13.889
          3.908	 13.889
          3.912	 13.881
          3.916	 13.881
          3.920	 13.889
          3.924	 13.881
          3.928	 13.881
          3.932	 13.881
          3.936	 13.881
          3.940	 13.852
          3.944	 13.852
          3.948	 13.852
          3.952	 13.830
          3.956	 13.830
          3.960	 13.830
          3.964	 13.822
          3.968	 13.822
          3.972	 13.822
          3.976	 13.822
          3.980	 13.793
          3.984	 13.793
          3.988	 13.785
          3.992	 13.793
          3.996	 13.785
          4.000	 13.785
          4.004	 13.770
          4.008	 13.763
          4.012	 13.733
          4.016	 13.733
          4.020	 13.726
          4.024	 13.711
          4.028	 13.711
          4.032	 13.652
          4.036	 13.696
          4.040	 13.689
          4.044	 13.674
          4.048	 13.689
          4.052	 13.615
          4.056	 13.637
          4.060	 13.667
          4.064	 13.652
          4.068	 13.652
          4.072	 13.637
          4.076	 13.652
          4.080	 13.652
          4.084	 13.652
          4.088	 13.667
          4.092	 13.674
          4.096	 13.674
          4.100	 13.696
          4.104	 13.733
          4.108	 13.733
          4.112	 13.748
          4.116	 13.763
          4.120	 13.785
          4.124	 13.793
          4.128	 13.822
          4.132	 13.830
          4.136	 13.852
          4.140	 13.881
          4.144	 13.881
          4.148	 13.881
          4.152	 13.904
          4.156	 13.911
          4.160	 13.881
          4.164	 13.926
          4.168	 13.948
          4.172	 13.948
          4.176	 13.948
          4.180	 13.963
          4.184	 13.978
          4.188	 13.978
          4.192	 13.978
          4.196	 13.985
          4.200	 13.985
          4.204	 13.985
          4.208	 13.985
          4.212	 13.985
          4.216	 13.985
          4.220	 14.059
          4.224	 14.007
          4.228	 14.007
          4.232	 14.007
          4.236	 14.007
          4.240	 14.044
          4.244	 13.985
          4.248	 13.985
          4.252	 13.985
          4.256	 14.007
          4.260	 14.007
          4.264	 13.985
          4.268	 13.985
          4.272	 13.985
          4.276	 13.985
          4.280	 14.007
          4.284	 13.985
          4.288	 14.007
          4.292	 14.007
          4.296	 14.022
          4.300	 14.022
          4.304	 14.022
          4.308	 14.007
          4.312	 14.022
          4.316	 14.007
          4.320	 14.000
          4.324	 14.007
          4.328	 14.000
          4.332	 14.007
          4.336	 14.007
          4.340	 13.985
          4.344	 14.007
          4.348	 14.000
          4.352	 14.000
          4.356	 14.007
          4.360	 13.985
          4.364	 13.985
          4.368	 14.007
          4.372	 13.985
          4.376	 14.022
          4.380	 13.985
          4.384	 13.985
          4.388	 14.044
          4.392	 13.985
          4.396	 14.000
          4.400	 13.985
          4.404	 13.985
          4.408	 14.022
          4.412	 13.985
          4.416	 13.985
          4.420	 13.985
          4.424	 13.985
          4.428	 13.985
          4.432	 13.985
          4.436	 13.978
          4.440	 13.978
          4.444	 13.985
          4.448	 14.007
          4.452	 13.985
          4.456	 13.985
          4.460	 13.978
          4.464	 13.985
          4.468	 13.985
          4.472	 13.978
          4.476	 13.978
          4.480	 13.978
          4.484	 13.985
          4.488	 13.985
          4.492	 13.985
          4.496	 13.985
          4.500	 13.978
          4.504	 13.978
          4.508	 13.978
          4.512	 13.985
          4.516	 13.985
          4.520	 13.985
          4.524	 13.978
          4.528	 13.985
          4.532	 13.985
          4.536	 13.985
          4.540	 13.985
          4.544	 13.978
          4.548	 13.978
          4.552	 13.985
          4.556	 14.037
          4.560	 13.985
          4.564	 13.985
          4.568	 13.978
          4.572	 13.985
          4.576	 14.022
          4.580	 13.985
          4.584	 13.985
          4.588	 13.978
          4.592	 13.985
          4.596	 14.007
          4.600	 13.978
          4.604	 13.985
          4.608	 13.985
          4.612	 14.007
          4.616	 14.022
          4.620	 13.985
          4.624	 14.007
          4.628	 13.985
          4.632	 13.985
          4.636	 13.985
          4.640	 14.007
          4.644	 14.000
          4.648	 14.022
          4.652	 14.022
          4.656	 14.022
          4.660	 14.022
          4.664	 14.022
          4.668	 14.007
          4.672	 14.022
          4.676	 13.985
          4.680	 14.007
          4.684	 13.985
          4.688	 13.985
          4.692	 13.985
          4.696	 13.985
          4.700	 13.985
          4.704	 14.007
          4.708	 13.985
          4.712	 14.000
          4.716	 13.985
          4.720	 14.007
          4.724	 14.007
          4.728	 14.022
          4.732	 14.022
          4.736	 14.000
          4.740	 14.007
          4.744	 14.059
          4.748	 14.000
          4.752	 14.007
          4.756	 14.007
          4.760	 14.022
          4.764	 14.059
          4.768	 14.037
          4.772	 14.022
          4.776	 14.022
          4.780	 14.059
          4.784	 14.059
          4.788	 14.067
          4.792	 14.067
          4.796	 14.067
          4.800	 14.059
          4.804	 14.059
          4.808	 14.067
          4.812	 14.081
          4.816	 14.067
          4.820	 14.059
          4.824	 14.067
          4.828	 14.067
          4.832	 14.081
          4.836	 14.059
          4.840	 14.081
          4.844	 14.104
          4.848	 14.111
          4.852	 14.111
          4.856	 14.126
          4.860	 14.104
          4.864	 14.067
          4.868	 14.081
          4.872	 14.067
          4.876	 14.081
          4.880	 14.081
          4.884	 14.067
          4.888	 14.067
          4.892	 14.059
          4.896	 14.022
          4.900	 14.037
          4.904	 14.022
          4.908	 14.022
          4.912	 14.081
          4.916	 14.022
          4.920	 14.037
          4.924	 14.022
          4.928	 14.037
          4.932	 14.067
          4.936	 14.037
          4.940	 14.059
          4.944	 14.037
          4.948	 14.022
          4.952	 14.022
          4.956	 14.022
          4.960	 14.022
          4.964	 14.022
          4.968	 14.022
          4.972	 14.022
          4.976	 14.007
          4.980	 14.000
          4.984	 13.985
          4.988	 14.022
          4.992	 14.022
          4.996	 14.022
          5.000	 14.037
          5.004	 14.000
          5.008	 14.022
          5.012	 14.022
          5.016	 14.022
          5.020	 14.022
          5.024	 14.007
          5.028	 13.985
          5.032	 13.985
          5.036	 13.985
          5.040	 13.985
          5.044	 13.985
          5.048	 13.985
          5.052	 13.978
          5.056	 13.985
          5.060	 13.985
          5.064	 13.978
          5.068	 13.985
          5.072	 13.978
          5.076	 13.985
          5.080	 14.007
          5.084	 13.978
          5.088	 13.985
          5.092	 13.978
          5.096	 13.978
          5.100	 14.000
          5.104	 13.978
          5.108	 13.963
          5.112	 13.948
          5.116	 13.948
          5.120	 13.985
          5.124	 13.963
          5.128	 13.985
          5.132	 13.985
          5.136	 13.978
          5.140	 13.926
          5.144	 13.889
          5.148	 13.830
          5.152	 13.770
          5.156	 13.763
          5.160	 13.763
          5.164	 13.748
          5.168	 13.733
          5.172	 13.733
          5.176	 13.711
          5.180	 13.696
          5.184	 13.689
          5.188	 13.630
          5.192	 13.607
          5.196	 13.593
          5.200	 13.593
          5.204	 13.533
          5.208	 13.496
          5.212	 13.511
          5.216	 13.563
          5.220	 13.637
          5.224	 13.689
          5.228	 13.674
          5.232	 13.689
          5.236	 13.674
          5.240	 13.696
          5.244	 13.748
          5.248	 13.793
          5.252	 13.807
          5.256	 13.830
          5.260	 13.867
          5.264	 13.881
          5.268	 13.830
          5.272	 13.926
          5.276	 13.926
          5.280	 13.926
          5.284	 13.941
          5.288	 13.985
          5.292	 13.948
          5.296	 13.948
          5.300	 13.948
          5.304	 13.941
          5.308	 13.963
          5.312	 13.948
          5.316	 13.948
          5.320	 13.941
          5.324	 13.948
          5.328	 13.948
          5.332	 13.926
          5.336	 13.948
          5.340	 13.926
          5.344	 13.926
          5.348	 13.926
          5.352	 13.926
          5.356	 13.911
          5.360	 13.926
          5.364	 13.926
          5.368	 13.941
          5.372	 13.948
          5.376	 13.941
          5.380	 13.926
          5.384	 13.941
          5.388	 13.911
          5.392	 13.948
          5.396	 13.948
          5.400	 13.941
          5.404	 13.941
          5.408	 13.941
          5.412	 13.941
          5.416	 13.948
          5.420	 13.941
          5.424	 13.926
          5.428	 13.911
          5.432	 13.926
          5.436	 13.889
          5.440	 13.926
          5.444	 13.941
          5.448	 13.926
          5.452	 13.926
          5.456	 13.889
          5.460	 13.926
          5.464	 13.926
          5.468	 13.889
          5.472	 13.889
          5.476	 13.889
          5.480	 13.889
          5.484	 13.889
          5.488	 13.889
          5.492	 13.881
          5.496	 13.881
          5.500	 13.881
          5.504	 13.881
          5.508	 13.881
          5.512	 13.881
          5.516	 13.889
          5.520	 13.889
          5.524	 13.889
          5.528	 13.881
          5.532	 13.881
          5.536	 13.881
          5.540	 13.867
          5.544	 13.852
          5.548	 13.852
          5.552	 13.844
          5.556	 13.852
          5.560	 13.830
          5.564	 13.822
          5.568	 13.830
          5.572	 13.822
          5.576	 13.830
          5.580	 13.830
          5.584	 13.807
          5.588	 13.807
          5.592	 13.807
          5.596	 13.793
          5.600	 13.785
          5.604	 13.770
          5.608	 13.770
          5.612	 13.763
          5.616	 13.733
          5.620	 13.726
          5.624	 13.689
          5.628	 13.696
          5.632	 13.689
          5.636	 13.689
          5.640	 13.689
          5.644	 13.637
          5.648	 13.652
          5.652	 13.637
          5.656	 13.637
          5.660	 13.637
          5.664	 13.637
          5.668	 13.637
          5.672	 13.630
          5.676	 13.607
          5.680	 13.593
          5.684	 13.593
          5.688	 13.607
          5.692	 13.593
          5.696	 13.593
          5.700	 13.578
          5.704	 13.593
          5.708	 13.593
          5.712	 13.578
          5.716	 13.578
          5.720	 13.593
          5.724	 13.607
          5.728	 13.607
          5.732	 13.637
          5.736	 13.652
          5.740	 13.667
          5.744	 13.696
          5.748	 13.696
          5.752	 13.733
          5.756	 13.733
          5.760	 13.748
          5.764	 13.770
          5.768	 13.785
          5.772	 13.793
          5.776	 13.822
          5.780	 13.822
          5.784	 13.844
          5.788	 13.844
          5.792	 13.830
          5.796	 13.867
          5.800	 13.889
          5.804	 13.911
          5.808	 13.926
          5.812	 13.881
          5.816	 13.926
          5.820	 13.926
          5.824	 13.889
          5.828	 13.911
          5.832	 13.926
          5.836	 13.926
          5.840	 13.948
          5.844	 13.941
          5.848	 13.978
          5.852	 13.985
          5.856	 13.978
          5.860	 13.978
          5.864	 13.941
          5.868	 13.978
          5.872	 13.963
          5.876	 13.978
          5.880	 13.978
          5.884	 13.963
          5.888	 13.978
          5.892	 13.948
          5.896	 13.978
          5.900	 13.963
          5.904	 13.941
          5.908	 13.948
          5.912	 13.948
          5.916	 13.948
          5.920	 13.948
          5.924	 13.948
          5.928	 13.978
          5.932	 13.963
          5.936	 13.978
          5.940	 13.978
          5.944	 13.985
          5.948	 13.978
          5.952	 13.978
          5.956	 13.963
          5.960	 14.007
          5.964	 13.963
          5.968	 13.978
          5.972	 13.963
          5.976	 13.978
          5.980	 14.007
          5.984	 13.963
          5.988	 13.963
          5.992	 13.941
          5.996	 13.948
          6.000	 13.985
          6.004	 13.948
          6.008	 13.978
          6.012	 13.978
          6.016	 13.963
          6.020	 13.978
          6.024	 13.978
          6.028	 13.985
          6.032	 13.985
          6.036	 13.978
          6.040	 14.007
          6.044	 14.000
          6.048	 14.007
          6.052	 13.985
          6.056	 13.985
          6.060	 13.985
          6.064	 14.007
          6.068	 13.985
          6.072	 13.985
          6.076	 13.985
          6.080	 13.978
          6.084	 13.978
          6.088	 13.978
          6.092	 13.978
          6.096	 13.978
          6.100	 13.978
          6.104	 13.978
          6.108	 13.985
          6.112	 13.985
          6.116	 13.985
          6.120	 13.978
          6.124	 13.985
          6.128	 13.985
          6.132	 13.978
          6.136	 13.985
          6.140	 13.978
          6.144	 13.978
          6.148	 14.022
          6.152	 13.985
          6.156	 13.985
          6.160	 13.985
          6.164	 14.007
          6.168	 14.022
          6.172	 13.985
          6.176	 13.978
          6.180	 13.985
          6.184	 13.978
          6.188	 13.985
          6.192	 13.985
          6.196	 14.007
          6.200	 13.985
          6.204	 14.007
          6.208	 14.022
          6.212	 14.022
          6.216	 14.022
          6.220	 14.007
          6.224	 14.022
          6.228	 14.007
          6.232	 14.007
          6.236	 14.007
          6.240	 14.000
          6.244	 13.985
          6.248	 13.985
          6.252	 13.978
          6.256	 13.978
          6.260	 13.948
          6.264	 13.978
          6.268	 13.963
          6.272	 13.985
          6.276	 13.978
          6.280	 13.985
          6.284	 13.985
          6.288	 13.985
          6.292	 13.978
          6.296	 13.985
          6.300	 13.985
          6.304	 13.985
          6.308	 13.978
          6.312	 13.963
          6.316	 14.022
          6.320	 13.978
          6.324	 13.963
          6.328	 13.978
          6.332	 13.978
          6.336	 14.022
          6.340	 13.985
          6.344	 13.985
          6.348	 13.985
          6.352	 13.985
          6.356	 13.985
          6.360	 13.978
          6.364	 13.978
          6.368	 13.978
          6.372	 13.978
          6.376	 13.985
          6.380	 13.963
          6.384	 13.978
          6.388	 13.948
          6.392	 13.978
          6.396	 13.941
          6.400	 13.963
          6.404	 13.978
          6.408	 13.948
          6.412	 13.963
          6.416	 13.978
          6.420	 13.978
          6.424	 13.985
          6.428	 13.985
          6.432	 14.007
          6.436	 14.007
          6.440	 14.022
          6.444	 14.022
          6.448	 14.037
          6.452	 14.022
          6.456	 14.000
          6.460	 14.022
          6.464	 14.022
          6.468	 14.022
          6.472	 14.022
          6.476	 14.007
          6.480	 14.022
          6.484	 14.022
          6.488	 14.022
          6.492	 14.022
          6.496	 14.022
          6.500	 14.044
          6.504	 14.111
          6.508	 14.044
          6.512	 14.022
          6.516	 13.985
          6.520	 13.985
          6.524	 14.022
          6.528	 13.985
          6.532	 13.985
          6.536	 13.978
          6.540	 13.978
          6.544	 13.978
          6.548	 13.978
          6.552	 13.963
          6.556	 13.978
          6.560	 13.978
          6.564	 13.978
          6.568	 13.978
          6.572	 13.963
          6.576	 13.948
          6.580	 13.963
          6.584	 13.941
          6.588	 13.948
          6.592	 13.948
          6.596	 13.948
          6.600	 13.948
          6.604	 13.926
          6.608	 13.911
          6.612	 13.926
          6.616	 13.904
          6.620	 13.941
          6.624	 13.941
          6.628	 13.926
          6.632	 13.941
          6.636	 13.911
          6.640	 13.941
          6.644	 13.904
          6.648	 13.926
          6.652	 13.926
          6.656	 13.926
          6.660	 13.911
          6.664	 13.911
          6.668	 13.926
          6.672	 13.889
          6.676	 13.926
          6.680	 13.948
          6.684	 13.941
          6.688	 13.941
          6.692	 13.985
          6.696	 13.941
          6.700	 13.926
          6.704	 13.926
          6.708	 13.926
          6.712	 13.941
          6.716	 13.926
          6.720	 13.941
          6.724	 13.926
          6.728	 13.941
          6.732	 13.911
          6.736	 13.926
          6.740	 13.926
          6.744	 13.926
          6.748	 13.941
          6.752	 13.926
          6.756	 13.911
          6.760	 13.889
          6.764	 13.889
          6.768	 13.881
          6.772	 13.926
          6.776	 13.926
          6.780	 13.911
          6.784	 13.881
          6.788	 13.830
          6.792	 13.830
          6.796	 13.785
          6.800	 13.763
          6.804	 13.770
          6.808	 13.785
          6.812	 13.770
          6.816	 13.785
          6.820	 13.793
          6.824	 13.830
          6.828	 13.830
          6.832	 13.830
          6.836	 13.793
          6.840	 13.748
          6.844	 13.748
          6.848	 13.711
          6.852	 13.696
          6.856	 13.689
          6.860	 13.652
          6.864	 13.696
          6.868	 13.726
          6.872	 13.689
          6.876	 13.667
          6.880	 13.652
          6.884	 13.652
          6.888	 13.689
          6.892	 13.726
          6.896	 13.763
          6.900	 13.785
          6.904	 13.793
          6.908	 13.822
          6.912	 13.844
          6.916	 13.867
          6.920	 13.889
          6.924	 13.911
          6.928	 13.926
          6.932	 13.911
          6.936	 13.926
          6.940	 13.926
          6.944	 13.941
          6.948	 13.926
          6.952	 13.926
          6.956	 13.941
          6.960	 13.948
          6.964	 13.948
          6.968	 13.941
          6.972	 13.963
          6.976	 13.963
          6.980	 13.948
          6.984	 13.978
          6.988	 13.978
          6.992	 13.978
          6.996	 13.963
          7.000	 13.978
          7.004	 13.978
          7.008	 13.963
          7.012	 13.978
          7.016	 13.978
          7.020	 13.963
          7.024	 13.978
          7.028	 14.000
          7.032	 13.963
          7.036	 13.941
          7.040	 13.948
          7.044	 13.948
          7.048	 13.985
          7.052	 13.963
          7.056	 13.948
          7.060	 13.948
          7.064	 13.978
          7.068	 13.963
          7.072	 13.941
          7.076	 13.978
          7.080	 13.948
          7.084	 13.963
          7.088	 13.978
          7.092	 13.963
          7.096	 13.941
          7.100	 13.941
          7.104	 13.948
          7.108	 13.941
          7.112	 13.948
          7.116	 13.926
          7.120	 13.926
          7.124	 13.926
          7.128	 13.926
          7.132	 13.926
          7.136	 13.911
          7.140	 13.911
          7.144	 13.926
          7.148	 13.911
          7.152	 13.926
          7.156	 13.926
          7.160	 13.889
          7.164	 13.889
          7.168	 13.941
          7.172	 13.911
          7.176	 13.926
          7.180	 13.926
          7.184	 13.926
          7.188	 13.889
          7.192	 13.904
          7.196	 13.852
          7.200	 13.889
          7.204	 13.889
          7.208	 13.881
          7.212	 13.881
          7.216	 13.830
          7.220	 13.852
          7.224	 13.867
          7.228	 13.852
          7.232	 13.830
          7.236	 13.822
          7.240	 13.830
          7.244	 13.807
          7.248	 13.830
          7.252	 13.807
          7.256	 13.785
          7.260	 13.785
          7.264	 13.793
          7.268	 13.785
          7.272	 13.785
          7.276	 13.785
          7.280	 13.785
          7.284	 13.763
          7.288	 13.733
          7.292	 13.733
          7.296	 13.733
          7.300	 13.711
          7.304	 13.696
          7.308	 13.696
          7.312	 13.696
          7.316	 13.689
          7.320	 13.689
          7.324	 13.637
          7.328	 13.689
          7.332	 13.674
          7.336	 13.689
          7.340	 13.674
          7.344	 13.689
          7.348	 13.674
          7.352	 13.689
          7.356	 13.696
          7.360	 13.689
          7.364	 13.726
          7.368	 13.733
          7.372	 13.748
          7.376	 13.770
          7.380	 13.763
          7.384	 13.733
          7.388	 13.793
          7.392	 13.830
          7.396	 13.830
          7.400	 13.852
          7.404	 13.852
          7.408	 13.889
          7.412	 13.889
          7.416	 13.889
          7.420	 13.911
          7.424	 13.911
          7.428	 13.941
          7.432	 13.978
          7.436	 13.963
          7.440	 13.985
          7.444	 14.007
          7.448	 14.000
          7.452	 13.985
          7.456	 14.007
          7.460	 14.022
          7.464	 14.022
          7.468	 14.007
          7.472	 14.037
          7.476	 14.022
          7.480	 14.022
          7.484	 14.022
          7.488	 14.037
          7.492	 14.044
          7.496	 14.037
          7.500	 14.044
          7.504	 14.044
          7.508	 14.059
          7.512	 14.044
          7.516	 14.037
          7.520	 14.037
          7.524	 14.022
          7.528	 14.037
          7.532	 14.037
          7.536	 14.022
          7.540	 14.022
          7.544	 14.022
          7.548	 14.007
          7.552	 14.081
          7.556	 14.037
          7.560	 14.037
          7.564	 14.022
          7.568	 14.044
          7.572	 14.081
          7.576	 14.022
          7.580	 14.022
          7.584	 14.022
          7.588	 14.022
          7.592	 14.022
          7.596	 14.007
          7.600	 14.037
          7.604	 14.022
          7.608	 14.022
          7.612	 14.037
          7.616	 14.022
          7.620	 14.037
          7.624	 14.022
          7.628	 14.022
          7.632	 14.007
          7.636	 14.022
          7.640	 14.022
          7.644	 14.007
          7.648	 14.007
          7.652	 14.000
          7.656	 14.007
          7.660	 14.007
          7.664	 13.985
          7.668	 14.044
          7.672	 13.985
          7.676	 14.007
          7.680	 14.007
          7.684	 13.978
          7.688	 13.985
          7.692	 13.978
          7.696	 13.985
          7.700	 13.978
          7.704	 13.978
          7.708	 13.978
          7.712	 13.978
          7.716	 13.963
          7.720	 14.022
          7.724	 13.978
          7.728	 13.985
          7.732	 13.978
          7.736	 13.978
          7.740	 14.007
          7.744	 13.963
          7.748	 13.963
          7.752	 13.948
          7.756	 13.978
          7.760	 13.978
          7.764	 13.978
          7.768	 13.985
          7.772	 13.978
          7.776	 13.985
          7.780	 13.985
          7.784	 13.978
          7.788	 13.978
          7.792	 13.978
          7.796	 13.985
          7.800	 13.978
          7.804	 13.985
          7.808	 13.985
          7.812	 13.978
          7.816	 13.985
          7.820	 13.978
          7.824	 13.985
          7.828	 13.985
          7.832	 13.985
          7.836	 13.985
          7.840	 13.985
          7.844	 14.007
          7.848	 14.007
          7.852	 13.985
          7.856	 13.985
          7.860	 13.978
          7.864	 13.985
          7.868	 13.985
          7.872	 13.985
          7.876	 13.985
          7.880	 13.978
          7.884	 13.985
          7.888	 14.007
          7.892	 13.985
          7.896	 13.985
          7.900	 13.985
          7.904	 14.007
          7.908	 14.059
          7.912	 14.000
          7.916	 14.007
          7.920	 13.985
          7.924	 14.000
          7.928	 14.044
          7.932	 14.007
          7.936	 14.007
          7.940	 14.007
          7.944	 14.022
          7.948	 14.022
          7.952	 14.007
          7.956	 13.985
          7.960	 13.985
          7.964	 13.985
          7.968	 14.000
          7.972	 13.985
          7.976	 14.000
          7.980	 13.985
          7.984	 14.007
          7.988	 13.985
          7.992	 13.985
          7.996	 14.007
          8.000	 14.007
          8.004	 13.985
          8.008	 13.985
          8.012	 14.007
          8.016	 14.007
          8.020	 14.022
          8.024	 14.022
          8.028	 14.007
          8.032	 14.007
          8.036	 14.022
          8.040	 14.022
          8.044	 14.037
          8.048	 14.022
          8.052	 14.044
          8.056	 14.037
          8.060	 14.044
          8.064	 14.044
          8.068	 14.022
          8.072	 14.044
          8.076	 14.104
          8.080	 14.044
          8.084	 14.044
          8.088	 14.044
          8.092	 14.059
          8.096	 14.111
          8.100	 14.081
          8.104	 14.096
          8.108	 14.104
          8.112	 14.111
          8.116	 14.104
          8.120	 14.081
          8.124	 14.067
          8.128	 14.059
          8.132	 14.059
          8.136	 14.081
          8.140	 14.059
          8.144	 14.067
          8.148	 14.067
          8.152	 14.067
          8.156	 14.044
          8.160	 14.044
          8.164	 14.059
          8.168	 14.037
          8.172	 14.037
          8.176	 14.044
          8.180	 14.037
          8.184	 14.044
          8.188	 14.037
          8.192	 14.022
          8.196	 14.007
          8.200	 14.022
          8.204	 14.007
          8.208	 14.000
          8.212	 14.007
          8.216	 13.985
          8.220	 14.000
          8.224	 14.007
          8.228	 14.022
          8.232	 14.022
          8.236	 14.007
          8.240	 14.022
          8.244	 14.037
          8.248	 14.022
          8.252	 14.022
          8.256	 14.007
          8.260	 14.022
          8.264	 14.059
          8.268	 14.007
          8.272	 14.007
          8.276	 14.007
          8.280	 14.022
          8.284	 14.044
          8.288	 14.007
          8.292	 14.000
          8.296	 13.985
          8.300	 14.000
          8.304	 14.022
          8.308	 14.007
          8.312	 14.022
          8.316	 13.985
          8.320	 14.000
          8.324	 13.985
          8.328	 13.985
          8.332	 13.985
          8.336	 13.985
          8.340	 13.985
          8.344	 13.978
          8.348	 13.985
          8.352	 13.985
          8.356	 13.985
          8.360	 13.978
          8.364	 13.963
          8.368	 13.948
          8.372	 13.948
          8.376	 13.941
          8.380	 13.978
          8.384	 13.978
          8.388	 13.978
          8.392	 13.941
          8.396	 13.904
          8.400	 13.881
          8.404	 13.830
          8.408	 13.822
          8.412	 13.793
          8.416	 13.785
          8.420	 13.793
          8.424	 13.793
          8.428	 13.793
          8.432	 13.733
          8.436	 13.763
          8.440	 13.733
          8.444	 13.696
          8.448	 13.689
          8.452	 13.630
          8.456	 13.637
          8.460	 13.578
          8.464	 13.563
          8.468	 13.607
          8.472	 13.652
          8.476	 13.726
          8.480	 13.733
          8.484	 13.726
          8.488	 13.696
          8.492	 13.696
          8.496	 13.733
          8.500	 13.785
          8.504	 13.830
          8.508	 13.867
          8.512	 13.881
          8.516	 13.911
          8.520	 13.926
          8.524	 13.926
          8.528	 13.926
          8.532	 13.941
          8.536	 13.941
          8.540	 13.941
          8.544	 13.948
          8.548	 13.948
          8.552	 13.941
          8.556	 13.948
          8.560	 13.941
          8.564	 13.926
          8.568	 13.941
          8.572	 13.941
          8.576	 13.948
          8.580	 13.963
          8.584	 13.963
          8.588	 13.978
          8.592	 13.963
          8.596	 13.978
          8.600	 14.022
          8.604	 13.978
          8.608	 13.978
          8.612	 13.963
          8.616	 13.978
          8.620	 14.007
          8.624	 13.978
          8.628	 13.978
          8.632	 13.978
          8.636	 13.963
          8.640	 13.978
          8.644	 13.948
          8.648	 13.978
          8.652	 13.948
          8.656	 13.978
          8.660	 13.978
          8.664	 13.978
          8.668	 13.948
          8.672	 13.963
          8.676	 13.963
          8.680	 13.941
          8.684	 13.948
          8.688	 13.978
          8.692	 13.948
          8.696	 13.948
          8.700	 13.948
          8.704	 13.948
          8.708	 13.948
          8.712	 13.941
          8.716	 13.941
          8.720	 13.941
          8.724	 13.941
          8.728	 13.881
          8.732	 13.926
          8.736	 13.941
          8.740	 13.926
          8.744	 13.941
          8.748	 13.941
          8.752	 13.911
          8.756	 13.911
          8.760	 13.926
          8.764	 13.889
          8.768	 13.911
          8.772	 13.889
          8.776	 13.889
          8.780	 13.911
          8.784	 13.889
          8.788	 13.844
          8.792	 13.881
          8.796	 13.881
          8.800	 13.889
          8.804	 13.881
          8.808	 13.844
          8.812	 13.881
          8.816	 13.881
          8.820	 13.852
          8.824	 13.844
          8.828	 13.830
          8.832	 13.830
          8.836	 13.830
          8.840	 13.830
          8.844	 13.830
          8.848	 13.822
          8.852	 13.822
          8.856	 13.793
          8.860	 13.807
          8.864	 13.785
          8.868	 13.785
          8.872	 13.785
          8.876	 13.770
          8.880	 13.733
          8.884	 13.733
          8.888	 13.733
          8.892	 13.711
          8.896	 13.726
          8.900	 13.696
          8.904	 13.696
          8.908	 13.689
          8.912	 13.689
          8.916	 13.667
          8.920	 13.667
          8.924	 13.667
          8.928	 13.637
          8.932	 13.652
          8.936	 13.637
          8.940	 13.637
          8.944	 13.637
          8.948	 13.652
          8.952	 13.637
          8.956	 13.607
          8.960	 13.652
          8.964	 13.674
          8.968	 13.667
          8.972	 13.667
          8.976	 13.652
          8.980	 13.696
          8.984	 13.726
          8.988	 13.733
          8.992	 13.763
          8.996	 13.763
          9.000	 13.785
          9.004	 13.793
          9.008	 13.830
          9.012	 13.844
          9.016	 13.830
          9.020	 13.867
          9.024	 13.867
          9.028	 13.881
          9.032	 13.889
          9.036	 13.926
          9.040	 13.941
          9.044	 13.926
          9.048	 13.948
          9.052	 13.963
          9.056	 13.963
          9.060	 13.978
          9.064	 13.978
          9.068	 13.985
          9.072	 13.985
          9.076	 13.963
          9.080	 13.985
          9.084	 13.985
          9.088	 13.985
          9.092	 14.007
          9.096	 13.985
          9.100	 14.007
          9.104	 14.000
          9.108	 14.007
          9.112	 14.022
          9.116	 14.007
          9.120	 14.007
          9.124	 14.067
          9.128	 14.022
          9.132	 14.037
          9.136	 14.022
          9.140	 14.022
          9.144	 14.067
          9.148	 14.007
          9.152	 14.022
          9.156	 14.007
          9.160	 14.022
          9.164	 14.037
          9.168	 14.022
          9.172	 14.007
          9.176	 13.985
          9.180	 14.007
          9.184	 14.007
          9.188	 13.985
          9.192	 13.985
          9.196	 13.985
          9.200	 13.985
          9.204	 14.007
          9.208	 14.022
          9.212	 14.022
          9.216	 14.022
          9.220	 14.007
          9.224	 14.000
          9.228	 14.000
          9.232	 14.007
          9.236	 14.007
          9.240	 14.022
          9.244	 13.985
          9.248	 13.985
          9.252	 13.985
          9.256	 13.985
          9.260	 14.022
          9.264	 13.985
          9.268	 14.000
          9.272	 14.022
          9.276	 14.022
          9.280	 14.022
          9.284	 14.022
          9.288	 14.022
          9.292	 14.037
          9.296	 14.022
          9.300	 14.022
          9.304	 14.022
          9.308	 14.022
          9.312	 14.067
          9.316	 14.007
          9.320	 14.022
          9.324	 14.022
          9.328	 14.022
          9.332	 14.067
          9.336	 14.022
          9.340	 14.007
          9.344	 14.007
          9.348	 14.007
          9.352	 14.007
          9.356	 14.007
          9.360	 14.022
          9.364	 14.022
          9.368	 14.022
          9.372	 14.044
          9.376	 14.022
          9.380	 14.037
          9.384	 14.022
          9.388	 14.022
          9.392	 14.007
          9.396	 14.007
          9.400	 14.022
          9.404	 14.022
          9.408	 14.022
          9.412	 14.007
          9.416	 14.022
          9.420	 14.022
          9.424	 14.007
          9.428	 14.022
          9.432	 14.000
          9.436	 14.007
          9.440	 14.022
          9.444	 14.007
          9.448	 14.022
          9.452	 13.985
          9.456	 14.022
          9.460	 13.985
          9.464	 13.985
          9.468	 14.007
          9.472	 13.978
          9.476	 13.985
          9.480	 14.044
          9.484	 13.985
          9.488	 13.985
          9.492	 13.985
          9.496	 14.007
          9.500	 14.037
          9.504	 14.007
          9.508	 14.000
          9.512	 13.985
          9.516	 14.007
          9.520	 14.022
          9.524	 14.007
          9.528	 14.022
          9.532	 14.022
          9.536	 14.022
          9.540	 14.007
          9.544	 14.022
          9.548	 14.037
          9.552	 14.022
          9.556	 14.037
          9.560	 14.022
          9.564	 14.037
          9.568	 14.037
          9.572	 14.022
          9.576	 14.037
          9.580	 14.037
          9.584	 14.022
          9.588	 14.022
          9.592	 14.022
          9.596	 14.044
          9.600	 14.022
          9.604	 14.022
          9.608	 14.022
          9.612	 14.022
          9.616	 14.022
          9.620	 14.007
          9.624	 14.007
          9.628	 13.985
          9.632	 13.985
          9.636	 14.007
          9.640	 13.985
          9.644	 14.000
          9.648	 14.022
          9.652	 13.985
          9.656	 13.985
          9.660	 13.985
          9.664	 14.007
          9.668	 14.037
          9.672	 13.985
          9.676	 14.007
          9.680	 13.985
          9.684	 14.000
          9.688	 14.044
          9.692	 14.007
          9.696	 14.000
          9.700	 13.985
          9.704	 13.985
          9.708	 14.007
          9.712	 14.007
          9.716	 14.007
          9.720	 14.022
          9.724	 14.037
          9.728	 14.037
          9.732	 14.037
          9.736	 14.037
          9.740	 14.007
          9.744	 14.022
          9.748	 14.022
          9.752	 14.022
          9.756	 14.037
          9.760	 14.022
          9.764	 14.022
          9.768	 14.022
          9.772	 14.044
          9.776	 14.059
          9.780	 14.059
          9.784	 14.067
          9.788	 14.067
          9.792	 14.081
          9.796	 14.081
          9.800	 14.081
          9.804	 14.081
          9.808	 14.037
          9.812	 14.037
          9.816	 14.044
          9.820	 14.037
          9.824	 14.037
          9.828	 14.022
          9.832	 14.022
          9.836	 14.044
          9.840	 14.022
          9.844	 14.007
          9.848	 13.985
          9.852	 13.985
          9.856	 14.022
          9.860	 13.985
          9.864	 14.022
          9.868	 14.007
          9.872	 14.022
          9.876	 14.007
          9.880	 13.985
          9.884	 14.000
          9.888	 13.985
          9.892	 13.985
          9.896	 13.985
          9.900	 13.985
          9.904	 13.985
          9.908	 13.985
          9.912	 13.985
          9.916	 13.978
          9.920	 13.985
          9.924	 13.978
          9.928	 13.963
          9.932	 13.963
          9.936	 13.978
          9.940	 13.978
          9.944	 13.978
          9.948	 13.963
          9.952	 13.963
          9.956	 13.963
          9.960	 13.985
          9.964	 13.978
          9.968	 13.963
          9.972	 13.978
          9.976	 13.978
          9.980	 13.978
          9.984	 13.963
          9.988	 13.978
          9.992	 13.978
          9.996	 13.963
