          0.000	 -0.150
          0.004	 -0.145
          0.008	 -0.160
          0.012	 -0.155
          0.016	 -0.145
          0.020	 -0.145
          0.024	 -0.135
          0.028	 -0.145
          0.032	 -0.135
          0.036	 -0.135
          0.040	 -0.125
          0.044	 -0.135
          0.048	 -0.145
          0.052	 -0.150
          0.056	 -0.140
          0.060	 -0.145
          0.064	 -0.140
          0.068	 -0.125
          0.072	 -0.130
          0.076	 -0.130
          0.080	 -0.145
          0.084	 -0.145
          0.088	 -0.155
          0.092	 -0.160
          0.096	 -0.160
          0.100	 -0.140
          0.104	 -0.135
          0.108	 -0.135
          0.112	 -0.145
          0.116	 -0.145
          0.120	 -0.140
          0.124	 -0.150
          0.128	 -0.155
          0.132	 -0.165
          0.136	 -0.175
          0.140	 -0.160
          0.144	 -0.160
          0.148	 -0.160
          0.152	 -0.180
          0.156	 -0.190
          0.160	 -0.185
          0.164	 -0.175
          0.168	 -0.155
          0.172	 -0.145
          0.176	 -0.150
          0.180	 -0.130
          0.184	 -0.120
          0.188	 -0.125
          0.192	 -0.120
          0.196	 -0.125
          0.200	 -0.120
          0.204	 -0.125
          0.208	 -0.130
          0.212	 -0.130
          0.216	 -0.135
          0.220	 -0.140
          0.224	 -0.155
          0.228	 -0.155
          0.232	 -0.140
          0.236	 -0.135
          0.240	 -0.145
          0.244	 -0.160
          0.248	 -0.155
          0.252	 -0.135
          0.256	 -0.135
          0.260	 -0.125
          0.264	 -0.125
          0.268	 -0.135
          0.272	 -0.170
          0.276	 -0.180
          0.280	 -0.180
          0.284	 -0.205
          0.288	 -0.215
          0.292	 -0.225
          0.296	 -0.210
          0.300	 -0.205
          0.304	 -0.195
          0.308	 -0.185
          0.312	 -0.180
          0.316	 -0.185
          0.320	 -0.195
          0.324	 -0.195
          0.328	 -0.190
          0.332	 -0.175
          0.336	 -0.170
          0.340	 -0.170
          0.344	 -0.195
          0.348	 -0.165
          0.352	 -0.165
          0.356	 -0.160
          0.360	 -0.165
          0.364	 -0.195
          0.368	 -0.205
          0.372	 -0.225
          0.376	 -0.220
          0.380	 -0.225
          0.384	 -0.205
          0.388	 -0.125
          0.392	 -0.005
          0.396	  0.100
          0.400	  0.125
          0.404	  0.085
          0.408	  0.065
          0.412	  0.100
          0.416	  0.140
          0.420	  0.155
          0.424	  0.085
          0.428	 -0.035
          0.432	 -0.130
          0.436	 -0.165
          0.440	 -0.175
          0.444	 -0.175
          0.448	 -0.170
          0.452	 -0.175
          0.456	 -0.195
          0.460	 -0.215
          0.464	 -0.210
          0.468	 -0.195
          0.472	 -0.195
          0.476	 -0.190
          0.480	 -0.190
          0.484	 -0.185
          0.488	 -0.175
          0.492	 -0.170
          0.496	 -0.175
          0.500	 -0.185
          0.504	 -0.205
          0.508	 -0.220
          0.512	 -0.230
          0.516	 -0.195
          0.520	 -0.180
          0.524	 -0.190
          0.528	 -0.185
          0.532	 -0.190
          0.536	 -0.180
          0.540	 -0.200
          0.544	 -0.195
          0.548	 -0.190
          0.552	 -0.175
          0.556	 -0.175
          0.560	 -0.185
          0.564	 -0.185
          0.568	 -0.175
          0.572	 -0.165
          0.576	 -0.155
          0.580	 -0.155
          0.584	 -0.165
          0.588	 -0.150
          0.592	 -0.150
          0.596	 -0.145
          0.600	 -0.140
          0.604	 -0.145
          0.608	 -0.135
          0.612	 -0.125
          0.616	 -0.115
          0.620	 -0.110
          0.624	 -0.095
          0.628	 -0.075
          0.632	 -0.065
          0.636	 -0.050
          0.640	 -0.035
          0.644	 -0.025
          0.648	 -0.015
          0.652	 -0.025
          0.656	 -0.010
          0.660	 -0.005
          0.664	  0.000
          0.668	  0.000
          0.672	 -0.005
          0.676	  0.020
          0.680	  0.045
          0.684	  0.035
          0.688	  0.020
          0.692	 -0.005
          0.696	 -0.020
          0.700	 -0.030
          0.704	 -0.065
          0.708	 -0.065
          0.712	 -0.080
          0.716	 -0.085
          0.720	 -0.110
          0.724	 -0.115
          0.728	 -0.125
          0.732	 -0.115
          0.736	 -0.110
          0.740	 -0.115
          0.744	 -0.115
          0.748	 -0.130
          0.752	 -0.135
          0.756	 -0.125
          0.760	 -0.115
          0.764	 -0.110
          0.768	 -0.125
          0.772	 -0.140
          0.776	 -0.135
          0.780	 -0.115
          0.784	 -0.115
          0.788	 -0.130
          0.792	 -0.140
          0.796	 -0.125
          0.800	 -0.105
          0.804	 -0.100
          0.808	 -0.115
          0.812	 -0.125
          0.816	 -0.115
          0.820	 -0.125
          0.824	 -0.140
          0.828	 -0.145
          0.832	 -0.140
          0.836	 -0.155
          0.840	 -0.135
          0.844	 -0.120
          0.848	 -0.115
          0.852	 -0.115
          0.856	 -0.125
          0.860	 -0.125
          0.864	 -0.130
          0.868	 -0.135
          0.872	 -0.120
          0.876	 -0.125
          0.880	 -0.110
          0.884	 -0.115
          0.888	 -0.140
          0.892	 -0.145
          0.896	 -0.140
          0.900	 -0.135
          0.904	 -0.135
          0.908	 -0.135
          0.912	 -0.135
          0.916	 -0.130
          0.920	 -0.125
          0.924	 -0.135
          0.928	 -0.150
          0.932	 -0.130
          0.936	 -0.115
          0.940	 -0.115
          0.944	 -0.120
          0.948	 -0.115
          0.952	 -0.100
          0.956	 -0.105
          0.960	 -0.085
          0.964	 -0.055
          0.968	 -0.055
          0.972	 -0.050
          0.976	 -0.070
          0.980	 -0.085
          0.984	 -0.095
          0.988	 -0.085
          0.992	 -0.075
          0.996	 -0.060
          1.000	 -0.075
          1.004	 -0.070
          1.008	 -0.070
          1.012	 -0.075
          1.016	 -0.075
          1.020	 -0.085
          1.024	 -0.095
          1.028	 -0.085
          1.032	 -0.085
          1.036	 -0.065
          1.040	 -0.110
          1.044	 -0.125
          1.048	 -0.125
          1.052	 -0.135
          1.056	 -0.155
          1.060	 -0.125
          1.064	 -0.125
          1.068	 -0.125
          1.072	 -0.140
          1.076	 -0.130
          1.080	 -0.135
          1.084	 -0.140
          1.088	 -0.145
          1.092	 -0.155
          1.096	 -0.140
          1.100	 -0.135
          1.104	 -0.135
          1.108	 -0.140
          1.112	 -0.155
          1.116	 -0.140
          1.120	 -0.145
          1.124	 -0.140
          1.128	 -0.135
          1.132	 -0.130
          1.136	 -0.135
          1.140	 -0.160
          1.144	 -0.190
          1.148	 -0.195
          1.152	 -0.175
          1.156	 -0.095
          1.160	 -0.010
          1.164	  0.115
          1.168	  0.265
          1.172	  0.365
          1.176	  0.355
          1.180	  0.310
          1.184	  0.275
          1.188	  0.275
          1.192	  0.260
          1.196	  0.165
          1.200	  0.045
          1.204	 -0.055
          1.208	 -0.100
          1.212	 -0.115
          1.216	 -0.110
          1.220	 -0.105
          1.224	 -0.130
          1.228	 -0.125
          1.232	 -0.135
          1.236	 -0.135
          1.240	 -0.135
          1.244	 -0.150
          1.248	 -0.145
          1.252	 -0.135
          1.256	 -0.100
          1.260	 -0.105
          1.264	 -0.125
          1.268	 -0.130
          1.272	 -0.125
          1.276	 -0.135
          1.280	 -0.145
          1.284	 -0.135
          1.288	 -0.125
          1.292	 -0.105
          1.296	 -0.115
          1.300	 -0.115
          1.304	 -0.135
          1.308	 -0.135
          1.312	 -0.135
          1.316	 -0.135
          1.320	 -0.125
          1.324	 -0.110
          1.328	 -0.105
          1.332	 -0.105
          1.336	 -0.115
          1.340	 -0.115
          1.344	 -0.115
          1.348	 -0.105
          1.352	 -0.095
          1.356	 -0.095
          1.360	 -0.105
          1.364	 -0.105
          1.368	 -0.095
          1.372	 -0.085
          1.376	 -0.070
          1.380	 -0.055
          1.384	 -0.040
          1.388	 -0.040
          1.392	 -0.025
          1.396	 -0.025
          1.400	 -0.015
          1.404	 -0.020
          1.408	 -0.010
          1.412	  0.020
          1.416	  0.025
          1.420	  0.045
          1.424	  0.040
          1.428	  0.045
          1.432	  0.045
          1.436	  0.045
          1.440	  0.055
          1.444	  0.060
          1.448	  0.065
          1.452	  0.085
          1.456	  0.090
          1.460	  0.085
          1.464	  0.060
          1.468	  0.030
          1.472	  0.030
          1.476	  0.055
          1.480	  0.065
          1.484	  0.035
          1.488	  0.000
          1.492	 -0.025
          1.496	 -0.040
          1.500	 -0.050
          1.504	 -0.050
          1.508	 -0.055
          1.512	 -0.060
          1.516	 -0.065
          1.520	 -0.065
          1.524	 -0.065
          1.528	 -0.060
          1.532	 -0.070
          1.536	 -0.070
          1.540	 -0.075
          1.544	 -0.075
          1.548	 -0.065
          1.552	 -0.070
          1.556	 -0.055
          1.560	 -0.045
          1.564	 -0.065
          1.568	 -0.075
          1.572	 -0.075
          1.576	 -0.055
          1.580	 -0.035
          1.584	 -0.065
          1.588	 -0.065
          1.592	 -0.075
          1.596	 -0.070
          1.600	 -0.055
          1.604	 -0.055
          1.608	 -0.060
          1.612	 -0.065
          1.616	 -0.065
          1.620	 -0.060
          1.624	 -0.085
          1.628	 -0.095
          1.632	 -0.090
          1.636	 -0.075
          1.640	 -0.080
          1.644	 -0.065
          1.648	 -0.065
          1.652	 -0.065
          1.656	 -0.060
          1.660	 -0.075
          1.664	 -0.085
          1.668	 -0.085
          1.672	 -0.070
          1.676	 -0.050
          1.680	 -0.065
          1.684	 -0.065
          1.688	 -0.080
          1.692	 -0.100
          1.696	 -0.105
          1.700	 -0.085
          1.704	 -0.070
          1.708	 -0.065
          1.712	 -0.085
          1.716	 -0.085
          1.720	 -0.095
          1.724	 -0.075
          1.728	 -0.040
          1.732	 -0.035
          1.736	 -0.045
          1.740	 -0.045
          1.744	 -0.025
          1.748	 -0.005
          1.752	 -0.035
          1.756	 -0.030
          1.760	 -0.030
          1.764	 -0.010
          1.768	  0.005
          1.772	 -0.025
          1.776	 -0.025
          1.780	 -0.015
          1.784	 -0.005
          1.788	 -0.020
          1.792	 -0.025
          1.796	 -0.025
          1.800	 -0.020
          1.804	 -0.025
          1.808	 -0.030
          1.812	 -0.045
          1.816	 -0.055
          1.820	 -0.055
          1.824	 -0.035
          1.828	 -0.025
          1.832	 -0.045
          1.836	 -0.065
          1.840	 -0.085
          1.844	 -0.075
          1.848	 -0.060
          1.852	 -0.085
          1.856	 -0.110
          1.860	 -0.105
          1.864	 -0.085
          1.868	 -0.060
          1.872	 -0.050
          1.876	 -0.065
          1.880	 -0.100
          1.884	 -0.105
          1.888	 -0.095
          1.892	 -0.085
          1.896	 -0.085
          1.900	 -0.075
          1.904	 -0.075
          1.908	 -0.065
          1.912	 -0.060
          1.916	 -0.060
          1.920	 -0.090
          1.924	 -0.105
          1.928	 -0.105
          1.932	 -0.095
          1.936	 -0.055
          1.940	 -0.055
          1.944	 -0.010
          1.948	  0.075
          1.952	  0.230
          1.956	  0.365
          1.960	  0.395
          1.964	  0.365
          1.968	  0.340
          1.972	  0.350
          1.976	  0.365
          1.980	  0.310
          1.984	  0.185
          1.988	  0.065
          1.992	  0.010
          1.996	  0.000
          2.000	 -0.015
          2.004	 -0.020
          2.008	 -0.045
          2.012	 -0.055
          2.016	 -0.075
          2.020	 -0.075
          2.024	 -0.075
          2.028	 -0.075
          2.032	 -0.075
          2.036	 -0.075
          2.040	 -0.070
          2.044	 -0.070
          2.048	 -0.075
          2.052	 -0.065
          2.056	 -0.055
          2.060	 -0.055
          2.064	 -0.065
          2.068	 -0.065
          2.072	 -0.070
          2.076	 -0.070
          2.080	 -0.055
          2.084	 -0.050
          2.088	 -0.035
          2.092	 -0.035
          2.096	 -0.055
          2.100	 -0.065
          2.104	 -0.050
          2.108	 -0.075
          2.112	 -0.080
          2.116	 -0.045
          2.120	 -0.020
          2.124	 -0.010
          2.128	 -0.040
          2.132	 -0.045
          2.136	 -0.045
          2.140	 -0.040
          2.144	 -0.025
          2.148	 -0.025
          2.152	 -0.020
          2.156	 -0.015
          2.160	  0.000
          2.164	  0.020
          2.168	  0.020
          2.172	  0.015
          2.176	  0.020
          2.180	  0.045
          2.184	  0.060
          2.188	  0.075
          2.192	  0.100
          2.196	  0.070
          2.200	  0.065
          2.204	  0.075
          2.208	  0.095
          2.212	  0.105
          2.216	  0.120
          2.220	  0.145
          2.224	  0.165
          2.228	  0.165
          2.232	  0.125
          2.236	  0.125
          2.240	  0.150
          2.244	  0.155
          2.248	  0.160
          2.252	  0.125
          2.256	  0.100
          2.260	  0.115
          2.264	  0.115
          2.268	  0.075
          2.272	  0.045
          2.276	  0.030
          2.280	  0.065
          2.284	  0.065
          2.288	  0.035
          2.292	  0.025
          2.296	  0.005
          2.300	  0.020
          2.304	  0.025
          2.308	  0.025
          2.312	  0.025
          2.316	  0.035
          2.320	  0.015
          2.324	 -0.005
          2.328	 -0.020
          2.332	 -0.025
          2.336	 -0.015
          2.340	  0.000
          2.344	  0.005
          2.348	  0.020
          2.352	  0.020
          2.356	  0.025
          2.360	  0.005
          2.364	 -0.015
          2.368	 -0.020
          2.372	 -0.015
          2.376	 -0.010
          2.380	  0.005
          2.384	  0.020
          2.388	  0.005
          2.392	 -0.020
          2.396	 -0.015
          2.400	 -0.010
          2.404	  0.005
          2.408	  0.025
          2.412	  0.025
          2.416	  0.005
          2.420	 -0.005
          2.424	 -0.015
          2.428	 -0.010
          2.432	 -0.010
          2.436	  0.005
          2.440	  0.020
          2.444	 -0.005
          2.448	 -0.010
          2.452	 -0.010
          2.456	 -0.015
          2.460	  0.005
          2.464	  0.000
          2.468	 -0.005
          2.472	 -0.025
          2.476	 -0.010
          2.480	  0.005
          2.484	 -0.005
          2.488	 -0.020
          2.492	 -0.015
          2.496	 -0.010
          2.500	 -0.015
          2.504	 -0.015
          2.508	 -0.010
          2.512	 -0.010
          2.516	  0.000
          2.520	  0.020
          2.524	  0.020
          2.528	  0.040
          2.532	  0.060
          2.536	  0.060
          2.540	  0.055
          2.544	  0.040
          2.548	  0.040
          2.552	  0.055
          2.556	  0.055
          2.560	  0.045
          2.564	  0.035
          2.568	  0.035
          2.572	  0.035
          2.576	  0.050
          2.580	  0.045
          2.584	  0.025
          2.588	  0.005
          2.592	  0.005
          2.596	  0.020
          2.600	  0.060
          2.604	  0.070
          2.608	  0.055
          2.612	  0.020
          2.616	 -0.020
          2.620	 -0.050
          2.624	 -0.030
          2.628	  0.020
          2.632	  0.005
          2.636	  0.020
          2.640	  0.000
          2.644	 -0.025
          2.648	 -0.035
          2.652	 -0.030
          2.656	 -0.015
          2.660	 -0.015
          2.664	 -0.015
          2.668	 -0.005
          2.672	 -0.005
          2.676	 -0.005
          2.680	 -0.015
          2.684	 -0.025
          2.688	 -0.005
          2.692	 -0.010
          2.696	 -0.010
          2.700	 -0.030
          2.704	 -0.035
          2.708	 -0.045
          2.712	 -0.060
          2.716	 -0.065
          2.720	 -0.030
          2.724	  0.025
          2.728	  0.080
          2.732	  0.185
          2.736	  0.325
          2.740	  0.425
          2.744	  0.460
          2.748	  0.425
          2.752	  0.405
          2.756	  0.420
          2.760	  0.450
          2.764	  0.395
          2.768	  0.250
          2.772	  0.100
          2.776	  0.020
          2.780	 -0.005
          2.784	 -0.020
          2.788	 -0.025
          2.792	 -0.005
          2.796	  0.005
          2.800	 -0.015
          2.804	 -0.025
          2.808	 -0.015
          2.812	 -0.020
          2.816	 -0.010
          2.820	 -0.025
          2.824	 -0.015
          2.828	 -0.015
          2.832	 -0.030
          2.836	 -0.045
          2.840	 -0.055
          2.844	 -0.050
          2.848	 -0.050
          2.852	 -0.015
          2.856	  0.000
          2.860	 -0.030
          2.864	 -0.050
          2.868	 -0.045
          2.872	 -0.025
          2.876	 -0.025
          2.880	 -0.030
          2.884	 -0.055
          2.888	 -0.060
          2.892	 -0.030
          2.896	  0.000
          2.900	  0.010
          2.904	 -0.015
          2.908	 -0.025
          2.912	 -0.025
          2.916	 -0.015
          2.920	  0.000
          2.924	  0.005
          2.928	  0.010
          2.932	 -0.005
          2.936	 -0.015
          2.940	 -0.005
          2.944	  0.000
          2.948	  0.020
          2.952	  0.025
          2.956	  0.035
          2.960	  0.035
          2.964	  0.035
          2.968	  0.060
          2.972	  0.075
          2.976	  0.075
          2.980	  0.085
          2.984	  0.110
          2.988	  0.115
          2.992	  0.125
          2.996	  0.115
          3.000	  0.115
          3.004	  0.135
          3.008	  0.135
          3.012	  0.140
          3.016	  0.155
          3.020	  0.175
          3.024	  0.175
          3.028	  0.160
          3.032	  0.155
          3.036	  0.140
          3.040	  0.110
          3.044	  0.095
          3.048	  0.075
          3.052	  0.075
          3.056	  0.075
          3.060	  0.075
          3.064	  0.060
          3.068	  0.030
          3.072	  0.020
          3.076	  0.020
          3.080	  0.025
          3.084	  0.025
          3.088	  0.015
          3.092	 -0.005
          3.096	 -0.015
          3.100	 -0.010
          3.104	  0.000
          3.108	  0.015
          3.112	  0.025
          3.116	  0.025
          3.120	  0.020
          3.124	  0.000
          3.128	 -0.010
          3.132	  0.000
          3.136	  0.010
          3.140	  0.020
          3.144	  0.005
          3.148	  0.005
          3.152	  0.005
          3.156	 -0.015
          3.160	 -0.005
          3.164	  0.000
          3.168	  0.005
          3.172	  0.000
          3.176	 -0.015
          3.180	 -0.005
          3.184	 -0.010
          3.188	 -0.015
          3.192	 -0.015
          3.196	 -0.010
          3.200	 -0.005
          3.204	  0.005
          3.208	  0.020
          3.212	  0.015
          3.216	  0.000
          3.220	 -0.015
          3.224	 -0.020
          3.228	 -0.025
          3.232	 -0.025
          3.236	 -0.010
          3.240	 -0.015
          3.244	 -0.030
          3.248	 -0.025
          3.252	 -0.005
          3.256	 -0.005
          3.260	 -0.030
          3.264	 -0.050
          3.268	 -0.045
          3.272	 -0.035
          3.276	 -0.025
          3.280	 -0.025
          3.284	 -0.015
          3.288	 -0.020
          3.292	 -0.025
          3.296	  0.005
          3.300	  0.025
          3.304	  0.040
          3.308	  0.035
          3.312	  0.020
          3.316	  0.020
          3.320	  0.025
          3.324	  0.005
          3.328	  0.020
          3.332	  0.025
          3.336	  0.035
          3.340	  0.045
          3.344	  0.015
          3.348	  0.015
          3.352	  0.020
          3.356	  0.005
          3.360	  0.005
          3.364	 -0.005
          3.368	 -0.010
          3.372	 -0.005
          3.376	  0.015
          3.380	  0.020
          3.384	 -0.005
          3.388	 -0.030
          3.392	 -0.050
          3.396	 -0.045
          3.400	 -0.035
          3.404	 -0.045
          3.408	 -0.065
          3.412	 -0.075
          3.416	 -0.075
          3.420	 -0.065
          3.424	 -0.065
          3.428	 -0.060
          3.432	 -0.075
          3.436	 -0.065
          3.440	 -0.070
          3.444	 -0.065
          3.448	 -0.075
          3.452	 -0.085
          3.456	 -0.070
          3.460	 -0.065
          3.464	 -0.060
          3.468	 -0.065
          3.472	 -0.075
          3.476	 -0.075
          3.480	 -0.095
          3.484	 -0.105
          3.488	 -0.105
          3.492	 -0.085
          3.496	 -0.045
          3.500	  0.025
          3.504	  0.145
          3.508	  0.315
          3.512	  0.395
          3.516	  0.420
          3.520	  0.380
          3.524	  0.370
          3.528	  0.420
          3.532	  0.385
          3.536	  0.280
          3.540	  0.145
          3.544	  0.020
          3.548	 -0.045
          3.552	 -0.065
          3.556	 -0.045
          3.560	 -0.035
          3.564	 -0.045
          3.568	 -0.060
          3.572	 -0.065
          3.576	 -0.060
          3.580	 -0.070
          3.584	 -0.070
          3.588	 -0.065
          3.592	 -0.065
          3.596	 -0.070
          3.600	 -0.075
          3.604	 -0.070
          3.608	 -0.075
          3.612	 -0.085
          3.616	 -0.075
          3.620	 -0.065
          3.624	 -0.060
          3.628	 -0.065
          3.632	 -0.055
          3.636	 -0.055
          3.640	 -0.080
          3.644	 -0.075
          3.648	 -0.065
          3.652	 -0.050
          3.656	 -0.060
          3.660	 -0.075
          3.664	 -0.080
          3.668	 -0.085
          3.672	 -0.075
          3.676	 -0.055
          3.680	 -0.075
          3.684	 -0.065
          3.688	 -0.055
          3.692	 -0.030
          3.696	 -0.015
          3.700	 -0.030
          3.704	 -0.045
          3.708	 -0.035
          3.712	 -0.015
          3.716	  0.000
          3.720	  0.000
          3.724	  0.005
          3.728	  0.010
          3.732	  0.025
          3.736	  0.025
          3.740	  0.030
          3.744	  0.045
          3.748	  0.060
          3.752	  0.065
          3.756	  0.075
          3.760	  0.090
          3.764	  0.085
          3.768	  0.100
          3.772	  0.115
          3.776	  0.125
          3.780	  0.110
          3.784	  0.115
          3.788	  0.135
          3.792	  0.140
          3.796	  0.115
          3.800	  0.105
          3.804	  0.105
          3.808	  0.105
          3.812	  0.100
          3.816	  0.085
          3.820	  0.065
          3.824	  0.045
          3.828	  0.025
          3.832	  0.020
          3.836	 -0.005
          3.840	 -0.010
          3.844	  0.000
          3.848	 -0.010
          3.852	 -0.025
          3.856	 -0.030
          3.860	 -0.035
          3.864	 -0.020
          3.868	 -0.030
          3.872	 -0.030
          3.876	 -0.015
          3.880	 -0.015
          3.884	 -0.025
          3.888	 -0.050
          3.892	 -0.050
          3.896	 -0.050
          3.900	 -0.055
          3.904	 -0.055
          3.908	 -0.065
          3.912	 -0.075
          3.916	 -0.065
          3.920	 -0.040
          3.924	 -0.035
          3.928	 -0.045
          3.932	 -0.065
          3.936	 -0.070
          3.940	 -0.055
          3.944	 -0.055
          3.948	 -0.055
          3.952	 -0.055
          3.956	 -0.065
          3.960	 -0.070
          3.964	 -0.075
          3.968	 -0.070
          3.972	 -0.065
          3.976	 -0.060
          3.980	 -0.065
          3.984	 -0.075
          3.988	 -0.075
          3.992	 -0.060
          3.996	 -0.050
          4.000	 -0.040
          4.004	 -0.045
          4.008	 -0.055
          4.012	 -0.070
          4.016	 -0.090
          4.020	 -0.085
          4.024	 -0.085
          4.028	 -0.085
          4.032	 -0.105
          4.036	 -0.085
          4.040	 -0.095
          4.044	 -0.090
          4.048	 -0.075
          4.052	 -0.075
          4.056	 -0.100
          4.060	 -0.105
          4.064	 -0.085
          4.068	 -0.055
          4.072	 -0.020
          4.076	  0.000
          4.080	  0.000
          4.084	 -0.025
          4.088	 -0.035
          4.092	 -0.035
          4.096	 -0.030
          4.100	 -0.035
          4.104	 -0.050
          4.108	 -0.055
          4.112	 -0.065
          4.116	 -0.075
          4.120	 -0.080
          4.124	 -0.070
          4.128	 -0.065
          4.132	 -0.055
          4.136	 -0.055
          4.140	 -0.055
          4.144	 -0.065
          4.148	 -0.055
          4.152	 -0.080
          4.156	 -0.115
          4.160	 -0.135
          4.164	 -0.135
          4.168	 -0.115
          4.172	 -0.115
          4.176	 -0.125
          4.180	 -0.125
          4.184	 -0.125
          4.188	 -0.105
          4.192	 -0.095
          4.196	 -0.105
          4.200	 -0.130
          4.204	 -0.105
          4.208	 -0.105
          4.212	 -0.105
          4.216	 -0.100
          4.220	 -0.115
          4.224	 -0.095
          4.228	 -0.095
          4.232	 -0.100
          4.236	 -0.115
          4.240	 -0.135
          4.244	 -0.130
          4.248	 -0.135
          4.252	 -0.140
          4.256	 -0.155
          4.260	 -0.160
          4.264	 -0.155
          4.268	 -0.130
          4.272	 -0.065
          4.276	  0.035
          4.280	  0.085
          4.284	  0.080
          4.288	  0.105
          4.292	  0.145
          4.296	  0.185
          4.300	  0.190
          4.304	  0.150
          4.308	  0.060
          4.312	 -0.045
          4.316	 -0.095
          4.320	 -0.115
          4.324	 -0.115
          4.328	 -0.125
          4.332	 -0.105
          4.336	 -0.115
          4.340	 -0.115
          4.344	 -0.135
          4.348	 -0.135
          4.352	 -0.140
          4.356	 -0.115
          4.360	 -0.095
          4.364	 -0.105
          4.368	 -0.130
          4.372	 -0.135
          4.376	 -0.140
          4.380	 -0.135
          4.384	 -0.135
          4.388	 -0.160
          4.392	 -0.145
          4.396	 -0.145
          4.400	 -0.135
          4.404	 -0.135
          4.408	 -0.135
          4.412	 -0.125
          4.416	 -0.140
          4.420	 -0.130
          4.424	 -0.125
          4.428	 -0.130
          4.432	 -0.130
          4.436	 -0.135
          4.440	 -0.135
          4.444	 -0.145
          4.448	 -0.145
          4.452	 -0.140
          4.456	 -0.140
          4.460	 -0.135
          4.464	 -0.115
          4.468	 -0.105
          4.472	 -0.095
          4.476	 -0.105
          4.480	 -0.110
          4.484	 -0.095
          4.488	 -0.075
          4.492	 -0.045
          4.496	 -0.045
          4.500	 -0.060
          4.504	 -0.045
          4.508	 -0.035
          4.512	 -0.030
          4.516	 -0.025
          4.520	 -0.015
          4.524	  0.005
          4.528	  0.020
          4.532	  0.025
          4.536	  0.015
          4.540	  0.005
          4.544	  0.005
          4.548	  0.030
          4.552	  0.065
          4.556	  0.100
          4.560	  0.065
          4.564	  0.055
          4.568	  0.020
          4.572	  0.010
          4.576	  0.040
          4.580	  0.025
          4.584	  0.035
          4.588	  0.045
          4.592	  0.020
          4.596	 -0.025
          4.600	 -0.055
          4.604	 -0.065
          4.608	 -0.070
          4.612	 -0.075
          4.616	 -0.095
          4.620	 -0.110
          4.624	 -0.110
          4.628	 -0.105
          4.632	 -0.100
          4.636	 -0.115
          4.640	 -0.125
          4.644	 -0.115
          4.648	 -0.110
          4.652	 -0.095
          4.656	 -0.080
          4.660	 -0.085
          4.664	 -0.100
          4.668	 -0.120
          4.672	 -0.115
          4.676	 -0.090
          4.680	 -0.085
          4.684	 -0.085
          4.688	 -0.090
          4.692	 -0.105
          4.696	 -0.100
          4.700	 -0.115
          4.704	 -0.125
          4.708	 -0.130
          4.712	 -0.125
          4.716	 -0.105
          4.720	 -0.110
          4.724	 -0.130
          4.728	 -0.135
          4.732	 -0.125
          4.736	 -0.125
          4.740	 -0.130
          4.744	 -0.135
          4.748	 -0.125
          4.752	 -0.135
          4.756	 -0.135
          4.760	 -0.125
          4.764	 -0.110
          4.768	 -0.085
          4.772	 -0.075
          4.776	 -0.070
          4.780	 -0.090
          4.784	 -0.120
          4.788	 -0.155
          4.792	 -0.155
          4.796	 -0.145
          4.800	 -0.135
          4.804	 -0.110
          4.808	 -0.100
          4.812	 -0.085
          4.816	 -0.075
          4.820	 -0.065
          4.824	 -0.060
          4.828	 -0.070
          4.832	 -0.085
          4.836	 -0.085
          4.840	 -0.060
          4.844	 -0.070
          4.848	 -0.090
          4.852	 -0.095
          4.856	 -0.075
          4.860	 -0.075
          4.864	 -0.075
          4.868	 -0.065
          4.872	 -0.055
          4.876	 -0.050
          4.880	 -0.065
          4.884	 -0.075
          4.888	 -0.085
          4.892	 -0.090
          4.896	 -0.075
          4.900	 -0.075
          4.904	 -0.085
          4.908	 -0.105
          4.912	 -0.130
          4.916	 -0.105
          4.920	 -0.105
          4.924	 -0.120
          4.928	 -0.130
          4.932	 -0.135
          4.936	 -0.135
          4.940	 -0.130
          4.944	 -0.115
          4.948	 -0.115
          4.952	 -0.145
          4.956	 -0.155
          4.960	 -0.155
          4.964	 -0.135
          4.968	 -0.125
          4.972	 -0.125
          4.976	 -0.115
          4.980	 -0.125
          4.984	 -0.125
          4.988	 -0.125
          4.992	 -0.125
          4.996	 -0.115
          5.000	 -0.130
          5.004	 -0.145
          5.008	 -0.155
          5.012	 -0.160
          5.016	 -0.155
          5.020	 -0.095
          5.024	 -0.025
          5.028	  0.085
          5.032	  0.205
          5.036	  0.245
          5.040	  0.225
          5.044	  0.220
          5.048	  0.235
          5.052	  0.245
          5.056	  0.220
          5.060	  0.125
          5.064	  0.025
          5.068	 -0.045
          5.072	 -0.090
          5.076	 -0.095
          5.080	 -0.125
          5.084	 -0.125
          5.088	 -0.135
          5.092	 -0.130
          5.096	 -0.120
          5.100	 -0.125
          5.104	 -0.110
          5.108	 -0.105
          5.112	 -0.095
          5.116	 -0.095
          5.120	 -0.105
          5.124	 -0.095
          5.128	 -0.100
          5.132	 -0.115
          5.136	 -0.120
          5.140	 -0.125
          5.144	 -0.130
          5.148	 -0.130
          5.152	 -0.125
          5.156	 -0.115
          5.160	 -0.100
          5.164	 -0.115
          5.168	 -0.125
          5.172	 -0.145
          5.176	 -0.135
          5.180	 -0.125
          5.184	 -0.120
          5.188	 -0.125
          5.192	 -0.125
          5.196	 -0.125
          5.200	 -0.110
          5.204	 -0.105
          5.208	 -0.130
          5.212	 -0.115
          5.216	 -0.115
          5.220	 -0.115
          5.224	 -0.120
          5.228	 -0.110
          5.232	 -0.105
          5.236	 -0.095
          5.240	 -0.100
          5.244	 -0.090
          5.248	 -0.065
          5.252	 -0.065
          5.256	 -0.060
          5.260	 -0.070
          5.264	 -0.070
          5.268	 -0.045
          5.272	 -0.035
          5.276	 -0.015
          5.280	 -0.015
          5.284	  0.005
          5.288	  0.035
          5.292	  0.035
          5.296	  0.035
          5.300	  0.035
          5.304	  0.025
          5.308	  0.025
          5.312	  0.020
          5.316	  0.015
          5.320	  0.025
          5.324	  0.035
          5.328	  0.045
          5.332	  0.035
          5.336	  0.005
          5.340	 -0.005
          5.344	 -0.005
          5.348	 -0.005
          5.352	 -0.015
          5.356	 -0.030
          5.360	 -0.065
          5.364	 -0.090
          5.368	 -0.100
          5.372	 -0.105
          5.376	 -0.090
          5.380	 -0.065
          5.384	 -0.055
          5.388	 -0.065
          5.392	 -0.085
          5.396	 -0.085
          5.400	 -0.100
          5.404	 -0.105
          5.408	 -0.095
          5.412	 -0.085
          5.416	 -0.085
          5.420	 -0.105
          5.424	 -0.110
          5.428	 -0.115
          5.432	 -0.125
          5.436	 -0.130
          5.440	 -0.110
          5.444	 -0.105
          5.448	 -0.100
          5.452	 -0.110
          5.456	 -0.130
          5.460	 -0.105
          5.464	 -0.115
          5.468	 -0.115
          5.472	 -0.130
          5.476	 -0.135
          5.480	 -0.135
          5.484	 -0.140
          5.488	 -0.110
          5.492	 -0.105
          5.496	 -0.115
          5.500	 -0.125
          5.504	 -0.135
          5.508	 -0.125
          5.512	 -0.125
          5.516	 -0.125
          5.520	 -0.135
          5.524	 -0.140
          5.528	 -0.125
          5.532	 -0.125
          5.536	 -0.135
          5.540	 -0.145
          5.544	 -0.155
          5.548	 -0.140
          5.552	 -0.145
          5.556	 -0.125
          5.560	 -0.135
          5.564	 -0.135
          5.568	 -0.135
          5.572	 -0.115
          5.576	 -0.100
          5.580	 -0.100
          5.584	 -0.100
          5.588	 -0.085
          5.592	 -0.095
          5.596	 -0.105
          5.600	 -0.115
          5.604	 -0.125
          5.608	 -0.100
          5.612	 -0.090
          5.616	 -0.080
          5.620	 -0.075
          5.624	 -0.055
          5.628	 -0.080
          5.632	 -0.090
          5.636	 -0.105
          5.640	 -0.115
          5.644	 -0.125
          5.648	 -0.120
          5.652	 -0.125
          5.656	 -0.120
          5.660	 -0.125
          5.664	 -0.130
          5.668	 -0.115
          5.672	 -0.125
          5.676	 -0.160
          5.680	 -0.190
          5.684	 -0.185
          5.688	 -0.175
          5.692	 -0.160
          5.696	 -0.170
          5.700	 -0.175
          5.704	 -0.180
          5.708	 -0.185
          5.712	 -0.170
          5.716	 -0.165
          5.720	 -0.175
          5.724	 -0.165
          5.728	 -0.155
          5.732	 -0.165
          5.736	 -0.155
          5.740	 -0.165
          5.744	 -0.185
          5.748	 -0.190
          5.752	 -0.195
          5.756	 -0.175
          5.760	 -0.170
          5.764	 -0.195
          5.768	 -0.225
          5.772	 -0.225
          5.776	 -0.200
          5.780	 -0.165
          5.784	 -0.125
          5.788	 -0.035
          5.792	  0.075
          5.796	  0.125
          5.800	  0.140
          5.804	  0.105
          5.808	  0.125
          5.812	  0.195
          5.816	  0.195
          5.820	  0.115
          5.824	 -0.005
          5.828	 -0.105
          5.832	 -0.145
          5.836	 -0.155
          5.840	 -0.155
          5.844	 -0.165
          5.848	 -0.195
          5.852	 -0.195
          5.856	 -0.185
          5.860	 -0.185
          5.864	 -0.180
          5.868	 -0.185
          5.872	 -0.185
          5.876	 -0.180
          5.880	 -0.175
          5.884	 -0.165
          5.888	 -0.175
          5.892	 -0.185
          5.896	 -0.195
          5.900	 -0.185
          5.904	 -0.175
          5.908	 -0.175
          5.912	 -0.195
          5.916	 -0.205
          5.920	 -0.185
          5.924	 -0.165
          5.928	 -0.165
          5.932	 -0.160
          5.936	 -0.160
          5.940	 -0.165
          5.944	 -0.175
          5.948	 -0.170
          5.952	 -0.150
          5.956	 -0.145
          5.960	 -0.160
          5.964	 -0.155
          5.968	 -0.170
          5.972	 -0.155
          5.976	 -0.140
          5.980	 -0.160
          5.984	 -0.140
          5.988	 -0.145
          5.992	 -0.135
          5.996	 -0.135
          6.000	 -0.135
          6.004	 -0.125
          6.008	 -0.100
          6.012	 -0.095
          6.016	 -0.085
          6.020	 -0.065
          6.024	 -0.060
          6.028	 -0.050
          6.032	 -0.045
          6.036	 -0.025
          6.040	  0.005
          6.044	  0.025
          6.048	  0.035
          6.052	  0.030
          6.056	  0.035
          6.060	  0.035
          6.064	  0.035
          6.068	  0.035
          6.072	  0.020
          6.076	  0.020
          6.080	  0.005
          6.084	  0.000
          6.088	 -0.015
          6.092	 -0.035
          6.096	 -0.050
          6.100	 -0.045
          6.104	 -0.040
          6.108	 -0.030
          6.112	 -0.040
          6.116	 -0.055
          6.120	 -0.075
          6.124	 -0.075
          6.128	 -0.090
          6.132	 -0.105
          6.136	 -0.125
          6.140	 -0.135
          6.144	 -0.120
          6.148	 -0.135
          6.152	 -0.115
          6.156	 -0.105
          6.160	 -0.115
          6.164	 -0.135
          6.168	 -0.155
          6.172	 -0.150
          6.176	 -0.145
          6.180	 -0.140
          6.184	 -0.160
          6.188	 -0.180
          6.192	 -0.185
          6.196	 -0.185
          6.200	 -0.170
          6.204	 -0.160
          6.208	 -0.135
          6.212	 -0.105
          6.216	 -0.095
          6.220	 -0.115
          6.224	 -0.125
          6.228	 -0.130
          6.232	 -0.135
          6.236	 -0.120
          6.240	 -0.105
          6.244	 -0.115
          6.248	 -0.135
          6.252	 -0.140
          6.256	 -0.145
          6.260	 -0.140
          6.264	 -0.175
          6.268	 -0.185
          6.272	 -0.190
          6.276	 -0.195
          6.280	 -0.205
          6.284	 -0.205
          6.288	 -0.165
          6.292	 -0.165
          6.296	 -0.165
          6.300	 -0.140
          6.304	 -0.145
          6.308	 -0.150
          6.312	 -0.175
          6.316	 -0.195
          6.320	 -0.170
          6.324	 -0.140
          6.328	 -0.155
          6.332	 -0.160
          6.336	 -0.155
          6.340	 -0.105
          6.344	 -0.085
          6.348	 -0.080
          6.352	 -0.075
          6.356	 -0.105
          6.360	 -0.120
          6.364	 -0.135
          6.368	 -0.125
          6.372	 -0.120
          6.376	 -0.135
          6.380	 -0.145
          6.384	 -0.170
          6.388	 -0.175
          6.392	 -0.175
          6.396	 -0.180
          6.400	 -0.190
          6.404	 -0.185
          6.408	 -0.155
          6.412	 -0.135
          6.416	 -0.135
          6.420	 -0.145
          6.424	 -0.175
          6.428	 -0.205
          6.432	 -0.215
          6.436	 -0.205
          6.440	 -0.195
          6.444	 -0.195
          6.448	 -0.195
          6.452	 -0.205
          6.456	 -0.220
          6.460	 -0.245
          6.464	 -0.230
          6.468	 -0.205
          6.472	 -0.195
          6.476	 -0.195
          6.480	 -0.195
          6.484	 -0.225
          6.488	 -0.195
          6.492	 -0.195
          6.496	 -0.210
          6.500	 -0.225
          6.504	 -0.245
          6.508	 -0.220
          6.512	 -0.215
          6.516	 -0.225
          6.520	 -0.245
          6.524	 -0.255
          6.528	 -0.235
          6.532	 -0.220
          6.536	 -0.205
          6.540	 -0.155
          6.544	 -0.055
          6.548	  0.025
          6.552	  0.055
          6.556	  0.045
          6.560	  0.065
          6.564	  0.110
          6.568	  0.155
          6.572	  0.115
          6.576	 -0.010
          6.580	 -0.125
          6.584	 -0.180
          6.588	 -0.185
          6.592	 -0.180
          6.596	 -0.175
          6.600	 -0.180
          6.604	 -0.205
          6.608	 -0.215
          6.612	 -0.205
          6.616	 -0.195
          6.620	 -0.195
          6.624	 -0.190
          6.628	 -0.175
          6.632	 -0.180
          6.636	 -0.200
          6.640	 -0.205
          6.644	 -0.205
          6.648	 -0.205
          6.652	 -0.205
          6.656	 -0.240
          6.660	 -0.250
          6.664	 -0.230
          6.668	 -0.210
          6.672	 -0.225
          6.676	 -0.205
          6.680	 -0.205
          6.684	 -0.205
          6.688	 -0.215
          6.692	 -0.215
          6.696	 -0.205
          6.700	 -0.205
          6.704	 -0.190
          6.708	 -0.185
          6.712	 -0.200
          6.716	 -0.205
          6.720	 -0.200
          6.724	 -0.185
          6.728	 -0.160
          6.732	 -0.155
          6.736	 -0.165
          6.740	 -0.185
          6.744	 -0.205
          6.748	 -0.205
          6.752	 -0.190
          6.756	 -0.175
          6.760	 -0.140
          6.764	 -0.125
          6.768	 -0.115
          6.772	 -0.105
          6.776	 -0.105
          6.780	 -0.105
          6.784	 -0.090
          6.788	 -0.085
          6.792	 -0.080
          6.796	 -0.055
          6.800	 -0.035
          6.804	 -0.035
          6.808	 -0.055
          6.812	 -0.065
          6.816	 -0.055
          6.820	 -0.050
          6.824	 -0.050
          6.828	 -0.035
          6.832	 -0.040
          6.836	 -0.025
          6.840	 -0.015
          6.844	 -0.025
          6.848	 -0.030
          6.852	 -0.045
          6.856	 -0.065
          6.860	 -0.065
          6.864	 -0.090
          6.868	 -0.105
          6.872	 -0.100
          6.876	 -0.135
          6.880	 -0.155
          6.884	 -0.170
          6.888	 -0.180
          6.892	 -0.175
          6.896	 -0.190
          6.900	 -0.205
          6.904	 -0.205
          6.908	 -0.160
          6.912	 -0.140
          6.916	 -0.140
          6.920	 -0.155
          6.924	 -0.160
          6.928	 -0.170
          6.932	 -0.165
          6.936	 -0.175
          6.940	 -0.195
          6.944	 -0.215
          6.948	 -0.195
          6.952	 -0.155
          6.956	 -0.140
          6.960	 -0.170
          6.964	 -0.205
          6.968	 -0.220
          6.972	 -0.205
          6.976	 -0.185
          6.980	 -0.160
          6.984	 -0.155
          6.988	 -0.155
          6.992	 -0.170
          6.996	 -0.205
          7.000	 -0.215
          7.004	 -0.205
          7.008	 -0.190
          7.012	 -0.185
          7.016	 -0.215
          7.020	 -0.220
          7.024	 -0.215
          7.028	 -0.215
          7.032	 -0.195
          7.036	 -0.205
          7.040	 -0.205
          7.044	 -0.200
          7.048	 -0.205
          7.052	 -0.195
          7.056	 -0.200
          7.060	 -0.205
          7.064	 -0.205
          7.068	 -0.200
          7.072	 -0.185
          7.076	 -0.155
          7.080	 -0.155
          7.084	 -0.160
          7.088	 -0.160
          7.092	 -0.155
          7.096	 -0.155
          7.100	 -0.140
          7.104	 -0.135
          7.108	 -0.130
          7.112	 -0.115
          7.116	 -0.135
          7.120	 -0.175
          7.124	 -0.195
          7.128	 -0.185
          7.132	 -0.165
          7.136	 -0.155
          7.140	 -0.180
          7.144	 -0.195
          7.148	 -0.195
          7.152	 -0.180
          7.156	 -0.175
          7.160	 -0.185
          7.164	 -0.205
          7.168	 -0.210
          7.172	 -0.195
          7.176	 -0.205
          7.180	 -0.215
          7.184	 -0.225
          7.188	 -0.235
          7.192	 -0.255
          7.196	 -0.280
          7.200	 -0.235
          7.204	 -0.205
          7.208	 -0.195
          7.212	 -0.215
          7.216	 -0.250
          7.220	 -0.245
          7.224	 -0.235
          7.228	 -0.220
          7.232	 -0.235
          7.236	 -0.245
          7.240	 -0.235
          7.244	 -0.215
          7.248	 -0.215
          7.252	 -0.235
          7.256	 -0.245
          7.260	 -0.245
          7.264	 -0.255
          7.268	 -0.255
          7.272	 -0.260
          7.276	 -0.275
          7.280	 -0.275
          7.284	 -0.225
          7.288	 -0.145
          7.292	 -0.080
          7.296	 -0.030
          7.300	  0.020
          7.304	  0.060
          7.308	  0.105
          7.312	  0.140
          7.316	  0.105
          7.320	  0.025
          7.324	 -0.070
          7.328	 -0.135
          7.332	 -0.195
          7.336	 -0.220
          7.340	 -0.210
          7.344	 -0.195
          7.348	 -0.205
          7.352	 -0.215
          7.356	 -0.225
          7.360	 -0.235
          7.364	 -0.265
          7.368	 -0.245
          7.372	 -0.235
          7.376	 -0.215
          7.380	 -0.205
          7.384	 -0.235
          7.388	 -0.235
          7.392	 -0.245
          7.396	 -0.245
          7.400	 -0.235
          7.404	 -0.220
          7.408	 -0.230
          7.412	 -0.230
          7.416	 -0.235
          7.420	 -0.225
          7.424	 -0.225
          7.428	 -0.205
          7.432	 -0.220
          7.436	 -0.250
          7.440	 -0.250
          7.444	 -0.220
          7.448	 -0.195
          7.452	 -0.185
          7.456	 -0.205
          7.460	 -0.235
          7.464	 -0.235
          7.468	 -0.205
          7.472	 -0.185
          7.476	 -0.190
          7.480	 -0.200
          7.484	 -0.195
          7.488	 -0.185
          7.492	 -0.185
          7.496	 -0.160
          7.500	 -0.160
          7.504	 -0.155
          7.508	 -0.145
          7.512	 -0.140
          7.516	 -0.145
          7.520	 -0.135
          7.524	 -0.125
          7.528	 -0.115
          7.532	 -0.105
          7.536	 -0.105
          7.540	 -0.075
          7.544	 -0.075
          7.548	 -0.080
          7.552	 -0.050
          7.556	 -0.045
          7.560	 -0.020
          7.564	 -0.035
          7.568	 -0.035
          7.572	 -0.025
          7.576	 -0.055
          7.580	 -0.030
          7.584	 -0.005
          7.588	  0.005
          7.592	 -0.035
          7.596	 -0.065
          7.600	 -0.065
          7.604	 -0.045
          7.608	 -0.055
          7.612	 -0.075
          7.616	 -0.105
          7.620	 -0.120
          7.624	 -0.145
          7.628	 -0.155
          7.632	 -0.165
          7.636	 -0.160
          7.640	 -0.155
          7.644	 -0.145
          7.648	 -0.155
          7.652	 -0.165
          7.656	 -0.175
          7.660	 -0.165
          7.664	 -0.155
          7.668	 -0.165
          7.672	 -0.175
          7.676	 -0.175
          7.680	 -0.170
          7.684	 -0.155
          7.688	 -0.140
          7.692	 -0.150
          7.696	 -0.160
          7.700	 -0.175
          7.704	 -0.180
          7.708	 -0.185
          7.712	 -0.170
          7.716	 -0.145
          7.720	 -0.155
          7.724	 -0.160
          7.728	 -0.160
          7.732	 -0.160
          7.736	 -0.180
          7.740	 -0.195
          7.744	 -0.175
          7.748	 -0.165
          7.752	 -0.170
          7.756	 -0.155
          7.760	 -0.155
          7.764	 -0.165
          7.768	 -0.180
          7.772	 -0.190
          7.776	 -0.190
          7.780	 -0.195
          7.784	 -0.175
          7.788	 -0.170
          7.792	 -0.185
          7.796	 -0.195
          7.800	 -0.205
          7.804	 -0.195
          7.808	 -0.175
          7.812	 -0.160
          7.816	 -0.155
          7.820	 -0.160
          7.824	 -0.150
          7.828	 -0.135
          7.832	 -0.125
          7.836	 -0.135
          7.840	 -0.145
          7.844	 -0.145
          7.848	 -0.135
          7.852	 -0.160
          7.856	 -0.185
          7.860	 -0.165
          7.864	 -0.155
          7.868	 -0.145
          7.872	 -0.135
          7.876	 -0.115
          7.880	 -0.100
          7.884	 -0.105
          7.888	 -0.145
          7.892	 -0.175
          7.896	 -0.200
          7.900	 -0.155
          7.904	 -0.115
          7.908	 -0.120
          7.912	 -0.125
          7.916	 -0.165
          7.920	 -0.195
          7.924	 -0.205
          7.928	 -0.215
          7.932	 -0.205
          7.936	 -0.210
          7.940	 -0.205
          7.944	 -0.195
          7.948	 -0.195
          7.952	 -0.190
          7.956	 -0.205
          7.960	 -0.245
          7.964	 -0.265
          7.968	 -0.235
          7.972	 -0.175
          7.976	 -0.135
          7.980	 -0.155
          7.984	 -0.195
          7.988	 -0.225
          7.992	 -0.215
          7.996	 -0.195
          8.000	 -0.185
          8.004	 -0.175
          8.008	 -0.195
          8.012	 -0.205
          8.016	 -0.235
          8.020	 -0.225
          8.024	 -0.180
          8.028	 -0.110
          8.032	 -0.040
          8.036	 -0.010
          8.040	  0.000
          8.044	  0.065
          8.048	  0.140
          8.052	  0.160
          8.056	  0.125
          8.060	  0.075
          8.064	 -0.010
          8.068	 -0.105
          8.072	 -0.175
          8.076	 -0.215
          8.080	 -0.195
          8.084	 -0.175
          8.088	 -0.175
          8.092	 -0.185
          8.096	 -0.205
          8.100	 -0.175
          8.104	 -0.160
          8.108	 -0.155
          8.112	 -0.185
          8.116	 -0.215
          8.120	 -0.235
          8.124	 -0.215
          8.128	 -0.190
          8.132	 -0.175
          8.136	 -0.175
          8.140	 -0.195
          8.144	 -0.210
          8.148	 -0.225
          8.152	 -0.230
          8.156	 -0.235
          8.160	 -0.235
          8.164	 -0.235
          8.168	 -0.220
          8.172	 -0.220
          8.176	 -0.205
          8.180	 -0.215
          8.184	 -0.220
          8.188	 -0.235
          8.192	 -0.215
          8.196	 -0.185
          8.200	 -0.175
          8.204	 -0.185
          8.208	 -0.185
          8.212	 -0.170
          8.216	 -0.160
          8.220	 -0.165
          8.224	 -0.190
          8.228	 -0.195
          8.232	 -0.195
          8.236	 -0.175
          8.240	 -0.175
          8.244	 -0.195
          8.248	 -0.180
          8.252	 -0.195
          8.256	 -0.195
          8.260	 -0.185
          8.264	 -0.160
          8.268	 -0.105
          8.272	 -0.080
          8.276	 -0.075
          8.280	 -0.090
          8.284	 -0.100
          8.288	 -0.090
          8.292	 -0.065
          8.296	 -0.050
          8.300	 -0.035
          8.304	 -0.025
          8.308	 -0.025
          8.312	 -0.035
          8.316	 -0.045
          8.320	 -0.025
          8.324	 -0.005
          8.328	  0.000
          8.332	 -0.025
          8.336	 -0.065
          8.340	 -0.095
          8.344	 -0.130
          8.348	 -0.135
          8.352	 -0.105
          8.356	 -0.070
          8.360	 -0.060
          8.364	 -0.090
          8.368	 -0.125
          8.372	 -0.155
          8.376	 -0.160
          8.380	 -0.155
          8.384	 -0.150
          8.388	 -0.140
          8.392	 -0.150
          8.396	 -0.150
          8.400	 -0.155
          8.404	 -0.175
          8.408	 -0.215
          8.412	 -0.225
          8.416	 -0.195
          8.420	 -0.160
          8.424	 -0.125
          8.428	 -0.125
          8.432	 -0.165
          8.436	 -0.165
          8.440	 -0.175
          8.444	 -0.175
          8.448	 -0.170
          8.452	 -0.175
          8.456	 -0.155
          8.460	 -0.140
          8.464	 -0.145
          8.468	 -0.140
          8.472	 -0.165
          8.476	 -0.165
          8.480	 -0.160
          8.484	 -0.160
          8.488	 -0.175
          8.492	 -0.180
          8.496	 -0.155
          8.500	 -0.145
          8.504	 -0.175
          8.508	 -0.195
          8.512	 -0.205
          8.516	 -0.185
          8.520	 -0.155
          8.524	 -0.135
          8.528	 -0.125
          8.532	 -0.145
          8.536	 -0.155
          8.540	 -0.185
          8.544	 -0.160
          8.548	 -0.135
          8.552	 -0.110
          8.556	 -0.100
          8.560	 -0.110
          8.564	 -0.115
          8.568	 -0.125
          8.572	 -0.135
          8.576	 -0.145
          8.580	 -0.115
          8.584	 -0.095
          8.588	 -0.100
          8.592	 -0.095
          8.596	 -0.115
          8.600	 -0.130
          8.604	 -0.125
          8.608	 -0.130
          8.612	 -0.135
          8.616	 -0.135
          8.620	 -0.145
          8.624	 -0.135
          8.628	 -0.155
          8.632	 -0.165
          8.636	 -0.185
          8.640	 -0.175
          8.644	 -0.140
          8.648	 -0.140
          8.652	 -0.155
          8.656	 -0.185
          8.660	 -0.195
          8.664	 -0.215
          8.668	 -0.205
          8.672	 -0.200
          8.676	 -0.190
          8.680	 -0.185
          8.684	 -0.175
          8.688	 -0.170
          8.692	 -0.160
          8.696	 -0.165
          8.700	 -0.185
          8.704	 -0.190
          8.708	 -0.195
          8.712	 -0.185
          8.716	 -0.180
          8.720	 -0.175
          8.724	 -0.185
          8.728	 -0.205
          8.732	 -0.230
          8.736	 -0.245
          8.740	 -0.245
          8.744	 -0.245
          8.748	 -0.190
          8.752	 -0.115
          8.756	 -0.005
          8.760	  0.115
          8.764	  0.165
          8.768	  0.160
          8.772	  0.125
          8.776	  0.140
          8.780	  0.165
          8.784	  0.145
          8.788	  0.100
          8.792	  0.020
          8.796	 -0.065
          8.800	 -0.105
          8.804	 -0.135
          8.808	 -0.165
          8.812	 -0.195
          8.816	 -0.205
          8.820	 -0.205
          8.824	 -0.215
          8.828	 -0.215
          8.832	 -0.195
          8.836	 -0.195
          8.840	 -0.180
          8.844	 -0.175
          8.848	 -0.155
          8.852	 -0.160
          8.856	 -0.175
          8.860	 -0.185
          8.864	 -0.190
          8.868	 -0.190
          8.872	 -0.190
          8.876	 -0.195
          8.880	 -0.195
          8.884	 -0.195
          8.888	 -0.195
          8.892	 -0.205
          8.896	 -0.225
          8.900	 -0.205
          8.904	 -0.195
          8.908	 -0.200
          8.912	 -0.225
          8.916	 -0.225
          8.920	 -0.215
          8.924	 -0.190
          8.928	 -0.160
          8.932	 -0.160
          8.936	 -0.175
          8.940	 -0.180
          8.944	 -0.170
          8.948	 -0.165
          8.952	 -0.175
          8.956	 -0.195
          8.960	 -0.185
          8.964	 -0.165
          8.968	 -0.155
          8.972	 -0.155
          8.976	 -0.170
          8.980	 -0.165
          8.984	 -0.160
          8.988	 -0.160
          8.992	 -0.155
          8.996	 -0.125
          9.000	 -0.100
          9.004	 -0.085
          9.008	 -0.090
          9.012	 -0.085
          9.016	 -0.085
          9.020	 -0.070
          9.024	 -0.055
          9.028	 -0.055
          9.032	 -0.055
          9.036	 -0.055
          9.040	 -0.050
          9.044	 -0.045
          9.048	 -0.055
          9.052	 -0.070
          9.056	 -0.070
          9.060	 -0.065
          9.064	 -0.075
          9.068	 -0.085
          9.072	 -0.105
          9.076	 -0.105
          9.080	 -0.100
          9.084	 -0.105
          9.088	 -0.110
          9.092	 -0.130
          9.096	 -0.135
          9.100	 -0.130
          9.104	 -0.135
          9.108	 -0.160
          9.112	 -0.155
          9.116	 -0.140
          9.120	 -0.135
          9.124	 -0.145
          9.128	 -0.155
          9.132	 -0.170
          9.136	 -0.180
          9.140	 -0.175
          9.144	 -0.195
          9.148	 -0.185
          9.152	 -0.175
          9.156	 -0.155
          9.160	 -0.140
          9.164	 -0.150
          9.168	 -0.150
          9.172	 -0.160
          9.176	 -0.160
          9.180	 -0.160
          9.184	 -0.170
          9.188	 -0.155
          9.192	 -0.155
          9.196	 -0.150
          9.200	 -0.150
          9.204	 -0.155
          9.208	 -0.165
          9.212	 -0.185
          9.216	 -0.190
          9.220	 -0.185
          9.224	 -0.175
          9.228	 -0.185
          9.232	 -0.190
          9.236	 -0.195
          9.240	 -0.180
          9.244	 -0.160
          9.248	 -0.155
          9.252	 -0.155
          9.256	 -0.175
          9.260	 -0.180
          9.264	 -0.170
          9.268	 -0.160
          9.272	 -0.165
          9.276	 -0.165
          9.280	 -0.155
          9.284	 -0.125
          9.288	 -0.125
          9.292	 -0.145
          9.296	 -0.140
          9.300	 -0.135
          9.304	 -0.135
          9.308	 -0.160
          9.312	 -0.190
          9.316	 -0.160
          9.320	 -0.135
          9.324	 -0.125
          9.328	 -0.135
          9.332	 -0.140
          9.336	 -0.135
          9.340	 -0.135
          9.344	 -0.155
          9.348	 -0.165
          9.352	 -0.180
          9.356	 -0.180
          9.360	 -0.170
          9.364	 -0.135
          9.368	 -0.115
          9.372	 -0.140
          9.376	 -0.170
          9.380	 -0.195
          9.384	 -0.215
          9.388	 -0.215
          9.392	 -0.195
          9.396	 -0.185
          9.400	 -0.205
          9.404	 -0.230
          9.408	 -0.230
          9.412	 -0.205
          9.416	 -0.200
          9.420	 -0.205
          9.424	 -0.215
          9.428	 -0.215
          9.432	 -0.200
          9.436	 -0.180
          9.440	 -0.185
          9.444	 -0.195
          9.448	 -0.195
          9.452	 -0.195
          9.456	 -0.200
          9.460	 -0.185
          9.464	 -0.180
          9.468	 -0.195
          9.472	 -0.230
          9.476	 -0.255
          9.480	 -0.275
          9.484	 -0.245
          9.488	 -0.200
          9.492	 -0.125
          9.496	 -0.055
          9.500	 -0.005
          9.504	  0.020
          9.508	  0.040
          9.512	  0.085
          9.516	  0.140
          9.520	  0.165
          9.524	  0.115
          9.528	  0.005
          9.532	 -0.100
          9.536	 -0.155
          9.540	 -0.165
          9.544	 -0.175
          9.548	 -0.185
          9.552	 -0.190
          9.556	 -0.160
          9.560	 -0.140
          9.564	 -0.160
          9.568	 -0.190
          9.572	 -0.215
          9.576	 -0.210
          9.580	 -0.190
          9.584	 -0.175
          9.588	 -0.175
          9.592	 -0.195
          9.596	 -0.205
          9.600	 -0.195
          9.604	 -0.185
          9.608	 -0.195
          9.612	 -0.220
          9.616	 -0.225
          9.620	 -0.195
          9.624	 -0.175
          9.628	 -0.165
          9.632	 -0.160
          9.636	 -0.175
          9.640	 -0.175
          9.644	 -0.175
          9.648	 -0.190
          9.652	 -0.165
          9.656	 -0.175
          9.660	 -0.180
          9.664	 -0.185
          9.668	 -0.185
          9.672	 -0.160
          9.676	 -0.155
          9.680	 -0.170
          9.684	 -0.165
          9.688	 -0.140
          9.692	 -0.125
          9.696	 -0.115
          9.700	 -0.130
          9.704	 -0.135
          9.708	 -0.145
          9.712	 -0.125
          9.716	 -0.110
          9.720	 -0.095
          9.724	 -0.090
          9.728	 -0.075
          9.732	 -0.075
          9.736	 -0.075
          9.740	 -0.090
          9.744	 -0.090
          9.748	 -0.065
          9.752	 -0.045
          9.756	 -0.035
          9.760	 -0.030
          9.764	 -0.010
          9.768	 -0.015
          9.772	 -0.005
          9.776	 -0.010
          9.780	  0.005
          9.784	  0.020
          9.788	  0.020
          9.792	  0.005
          9.796	 -0.010
          9.800	 -0.035
          9.804	 -0.060
          9.808	 -0.075
          9.812	 -0.070
          9.816	 -0.060
          9.820	 -0.075
          9.824	 -0.085
          9.828	 -0.105
          9.832	 -0.140
          9.836	 -0.175
          9.840	 -0.170
          9.844	 -0.145
          9.848	 -0.125
          9.852	 -0.125
          9.856	 -0.140
          9.860	 -0.135
          9.864	 -0.135
          9.868	 -0.125
          9.872	 -0.130
          9.876	 -0.140
          9.880	 -0.145
          9.884	 -0.160
          9.888	 -0.160
          9.892	 -0.175
          9.896	 -0.185
          9.900	 -0.175
          9.904	 -0.155
          9.908	 -0.135
          9.912	 -0.135
          9.916	 -0.145
          9.920	 -0.155
          9.924	 -0.155
          9.928	 -0.160
          9.932	 -0.160
          9.936	 -0.145
          9.940	 -0.125
          9.944	 -0.115
          9.948	 -0.125
          9.952	 -0.135
          9.956	 -0.155
          9.960	 -0.175
          9.964	 -0.180
          9.968	 -0.155
          9.972	 -0.135
          9.976	 -0.135
          9.980	 -0.155
          9.984	 -0.170
          9.988	 -0.185
          9.992	 -0.180
          9.996	 -0.160
