          0.000	 -2.670
          0.004	 -2.670
          0.008	 -2.660
          0.012	 -2.665
          0.016	 -2.670
          0.020	 -2.660
          0.024	 -2.660
          0.028	 -2.650
          0.032	 -2.650
          0.036	 -2.650
          0.040	 -2.650
          0.044	 -2.645
          0.048	 -2.645
          0.052	 -2.660
          0.056	 -2.660
          0.060	 -2.660
          0.064	 -2.660
          0.068	 -2.660
          0.072	 -2.655
          0.076	 -2.650
          0.080	 -2.650
          0.084	 -2.645
          0.088	 -2.645
          0.092	 -2.660
          0.096	 -2.660
          0.100	 -2.660
          0.104	 -2.650
          0.108	 -2.650
          0.112	 -2.665
          0.116	 -2.670
          0.120	 -2.650
          0.124	 -2.640
          0.128	 -2.635
          0.132	 -2.620
          0.136	 -2.635
          0.140	 -2.635
          0.144	 -2.645
          0.148	 -2.635
          0.152	 -2.635
          0.156	 -2.635
          0.160	 -2.635
          0.164	 -2.645
          0.168	 -2.640
          0.172	 -2.640
          0.176	 -2.645
          0.180	 -2.650
          0.184	 -2.650
          0.188	 -2.645
          0.192	 -2.665
          0.196	 -2.655
          0.200	 -2.660
          0.204	 -2.660
          0.208	 -2.645
          0.212	 -2.630
          0.216	 -2.605
          0.220	 -2.590
          0.224	 -2.565
          0.228	 -2.590
          0.232	 -2.590
          0.236	 -2.575
          0.240	 -2.565
          0.244	 -2.560
          0.248	 -2.560
          0.252	 -2.535
          0.256	 -2.540
          0.260	 -2.545
          0.264	 -2.545
          0.268	 -2.570
          0.272	 -2.590
          0.276	 -2.610
          0.280	 -2.595
          0.284	 -2.605
          0.288	 -2.620
          0.292	 -2.630
          0.296	 -2.660
          0.300	 -2.660
          0.304	 -2.675
          0.308	 -2.690
          0.312	 -2.700
          0.316	 -2.715
          0.320	 -2.710
          0.324	 -2.710
          0.328	 -2.715
          0.332	 -2.730
          0.336	 -2.730
          0.340	 -2.735
          0.344	 -2.730
          0.348	 -2.725
          0.352	 -2.720
          0.356	 -2.715
          0.360	 -2.720
          0.364	 -2.720
          0.368	 -2.730
          0.372	 -2.735
          0.376	 -2.730
          0.380	 -2.735
          0.384	 -2.740
          0.388	 -2.745
          0.392	 -2.735
          0.396	 -2.735
          0.400	 -2.735
          0.404	 -2.735
          0.408	 -2.745
          0.412	 -2.720
          0.416	 -2.685
          0.420	 -2.685
          0.424	 -2.680
          0.428	 -2.645
          0.432	 -2.645
          0.436	 -2.715
          0.440	 -2.815
          0.444	 -2.860
          0.448	 -2.875
          0.452	 -3.015
          0.456	 -3.210
          0.460	 -3.235
          0.464	 -3.060
          0.468	 -2.940
          0.472	 -2.935
          0.476	 -3.005
          0.480	 -3.115
          0.484	 -3.160
          0.488	 -3.200
          0.492	 -3.230
          0.496	 -3.170
          0.500	 -3.070
          0.504	 -2.960
          0.508	 -2.875
          0.512	 -2.810
          0.516	 -2.745
          0.520	 -2.720
          0.524	 -2.710
          0.528	 -2.705
          0.532	 -2.710
          0.536	 -2.700
          0.540	 -2.710
          0.544	 -2.715
          0.548	 -2.710
          0.552	 -2.700
          0.556	 -2.680
          0.560	 -2.685
          0.564	 -2.685
          0.568	 -2.690
          0.572	 -2.675
          0.576	 -2.680
          0.580	 -2.675
          0.584	 -2.670
          0.588	 -2.680
          0.592	 -2.680
          0.596	 -2.685
          0.600	 -2.670
          0.604	 -2.660
          0.608	 -2.655
          0.612	 -2.665
          0.616	 -2.665
          0.620	 -2.655
          0.624	 -2.640
          0.628	 -2.630
          0.632	 -2.635
          0.636	 -2.635
          0.640	 -2.655
          0.644	 -2.650
          0.648	 -2.640
          0.652	 -2.645
          0.656	 -2.635
          0.660	 -2.645
          0.664	 -2.630
          0.668	 -2.620
          0.672	 -2.620
          0.676	 -2.620
          0.680	 -2.615
          0.684	 -2.605
          0.688	 -2.600
          0.692	 -2.585
          0.696	 -2.585
          0.700	 -2.570
          0.704	 -2.570
          0.708	 -2.545
          0.712	 -2.545
          0.716	 -2.535
          0.720	 -2.520
          0.724	 -2.515
          0.728	 -2.505
          0.732	 -2.490
          0.736	 -2.485
          0.740	 -2.495
          0.744	 -2.470
          0.748	 -2.465
          0.752	 -2.445
          0.756	 -2.435
          0.760	 -2.435
          0.764	 -2.445
          0.768	 -2.445
          0.772	 -2.455
          0.776	 -2.475
          0.780	 -2.490
          0.784	 -2.520
          0.788	 -2.540
          0.792	 -2.555
          0.796	 -2.550
          0.800	 -2.565
          0.804	 -2.575
          0.808	 -2.595
          0.812	 -2.620
          0.816	 -2.620
          0.820	 -2.630
          0.824	 -2.630
          0.828	 -2.640
          0.832	 -2.630
          0.836	 -2.640
          0.840	 -2.645
          0.844	 -2.645
          0.848	 -2.660
          0.852	 -2.660
          0.856	 -2.665
          0.860	 -2.660
          0.864	 -2.660
          0.868	 -2.655
          0.872	 -2.640
          0.876	 -2.655
          0.880	 -2.655
          0.884	 -2.660
          0.888	 -2.650
          0.892	 -2.665
          0.896	 -2.675
          0.900	 -2.660
          0.904	 -2.665
          0.908	 -2.660
          0.912	 -2.665
          0.916	 -2.660
          0.920	 -2.665
          0.924	 -2.675
          0.928	 -2.670
          0.932	 -2.670
          0.936	 -2.670
          0.940	 -2.680
          0.944	 -2.675
          0.948	 -2.665
          0.952	 -2.675
          0.956	 -2.675
          0.960	 -2.680
          0.964	 -2.675
          0.968	 -2.680
          0.972	 -2.670
          0.976	 -2.670
          0.980	 -2.670
          0.984	 -2.680
          0.988	 -2.680
          0.992	 -2.685
          0.996	 -2.680
          1.000	 -2.660
          1.004	 -2.660
          1.008	 -2.665
          1.012	 -2.685
          1.016	 -2.685
          1.020	 -2.675
          1.024	 -2.680
          1.028	 -2.675
          1.032	 -2.680
          1.036	 -2.685
          1.040	 -2.680
          1.044	 -2.675
          1.048	 -2.675
          1.052	 -2.690
          1.056	 -2.680
          1.060	 -2.675
          1.064	 -2.680
          1.068	 -2.685
          1.072	 -2.685
          1.076	 -2.695
          1.080	 -2.690
          1.084	 -2.680
          1.088	 -2.680
          1.092	 -2.670
          1.096	 -2.660
          1.100	 -2.670
          1.104	 -2.660
          1.108	 -2.665
          1.112	 -2.670
          1.116	 -2.685
          1.120	 -2.665
          1.124	 -2.660
          1.128	 -2.670
          1.132	 -2.660
          1.136	 -2.660
          1.140	 -2.650
          1.144	 -2.660
          1.148	 -2.660
          1.152	 -2.660
          1.156	 -2.660
          1.160	 -2.660
          1.164	 -2.655
          1.168	 -2.645
          1.172	 -2.650
          1.176	 -2.650
          1.180	 -2.650
          1.184	 -2.650
          1.188	 -2.655
          1.192	 -2.660
          1.196	 -2.650
          1.200	 -2.655
          1.204	 -2.645
          1.208	 -2.650
          1.212	 -2.650
          1.216	 -2.645
          1.220	 -2.645
          1.224	 -2.645
          1.228	 -2.645
          1.232	 -2.645
          1.236	 -2.650
          1.240	 -2.660
          1.244	 -2.650
          1.248	 -2.650
          1.252	 -2.645
          1.256	 -2.635
          1.260	 -2.620
          1.264	 -2.605
          1.268	 -2.585
          1.272	 -2.575
          1.276	 -2.580
          1.280	 -2.560
          1.284	 -2.565
          1.288	 -2.580
          1.292	 -2.565
          1.296	 -2.555
          1.300	 -2.530
          1.304	 -2.535
          1.308	 -2.535
          1.312	 -2.545
          1.316	 -2.560
          1.320	 -2.560
          1.324	 -2.575
          1.328	 -2.560
          1.332	 -2.575
          1.336	 -2.590
          1.340	 -2.610
          1.344	 -2.640
          1.348	 -2.645
          1.352	 -2.655
          1.356	 -2.650
          1.360	 -2.670
          1.364	 -2.685
          1.368	 -2.695
          1.372	 -2.695
          1.376	 -2.690
          1.380	 -2.695
          1.384	 -2.690
          1.388	 -2.690
          1.392	 -2.685
          1.396	 -2.695
          1.400	 -2.700
          1.404	 -2.705
          1.408	 -2.705
          1.412	 -2.700
          1.416	 -2.705
          1.420	 -2.690
          1.424	 -2.695
          1.428	 -2.700
          1.432	 -2.700
          1.436	 -2.695
          1.440	 -2.685
          1.444	 -2.700
          1.448	 -2.700
          1.452	 -2.705
          1.456	 -2.695
          1.460	 -2.660
          1.464	 -2.630
          1.468	 -2.635
          1.472	 -2.610
          1.476	 -2.575
          1.480	 -2.595
          1.484	 -2.695
          1.488	 -2.780
          1.492	 -2.785
          1.496	 -2.820
          1.500	 -2.995
          1.504	 -3.160
          1.508	 -3.095
          1.512	 -2.930
          1.516	 -2.875
          1.520	 -2.895
          1.524	 -2.995
          1.528	 -3.085
          1.532	 -3.120
          1.536	 -3.180
          1.540	 -3.180
          1.544	 -3.085
          1.548	 -2.980
          1.552	 -2.860
          1.556	 -2.780
          1.560	 -2.705
          1.564	 -2.660
          1.568	 -2.660
          1.572	 -2.660
          1.576	 -2.660
          1.580	 -2.650
          1.584	 -2.635
          1.588	 -2.635
          1.592	 -2.620
          1.596	 -2.630
          1.600	 -2.620
          1.604	 -2.630
          1.608	 -2.625
          1.612	 -2.620
          1.616	 -2.620
          1.620	 -2.610
          1.624	 -2.620
          1.628	 -2.610
          1.632	 -2.610
          1.636	 -2.600
          1.640	 -2.585
          1.644	 -2.595
          1.648	 -2.595
          1.652	 -2.585
          1.656	 -2.585
          1.660	 -2.585
          1.664	 -2.585
          1.668	 -2.575
          1.672	 -2.585
          1.676	 -2.570
          1.680	 -2.570
          1.684	 -2.560
          1.688	 -2.560
          1.692	 -2.555
          1.696	 -2.550
          1.700	 -2.540
          1.704	 -2.535
          1.708	 -2.540
          1.712	 -2.525
          1.716	 -2.535
          1.720	 -2.520
          1.724	 -2.520
          1.728	 -2.515
          1.732	 -2.495
          1.736	 -2.510
          1.740	 -2.490
          1.744	 -2.490
          1.748	 -2.475
          1.752	 -2.460
          1.756	 -2.465
          1.760	 -2.455
          1.764	 -2.455
          1.768	 -2.435
          1.772	 -2.425
          1.776	 -2.410
          1.780	 -2.410
          1.784	 -2.400
          1.788	 -2.405
          1.792	 -2.385
          1.796	 -2.390
          1.800	 -2.375
          1.804	 -2.385
          1.808	 -2.385
          1.812	 -2.385
          1.816	 -2.400
          1.820	 -2.410
          1.824	 -2.430
          1.828	 -2.440
          1.832	 -2.455
          1.836	 -2.475
          1.840	 -2.485
          1.844	 -2.495
          1.848	 -2.500
          1.852	 -2.520
          1.856	 -2.520
          1.860	 -2.540
          1.864	 -2.535
          1.868	 -2.545
          1.872	 -2.560
          1.876	 -2.550
          1.880	 -2.560
          1.884	 -2.560
          1.888	 -2.570
          1.892	 -2.565
          1.896	 -2.565
          1.900	 -2.565
          1.904	 -2.570
          1.908	 -2.570
          1.912	 -2.565
          1.916	 -2.570
          1.920	 -2.565
          1.924	 -2.580
          1.928	 -2.570
          1.932	 -2.580
          1.936	 -2.585
          1.940	 -2.585
          1.944	 -2.585
          1.948	 -2.585
          1.952	 -2.585
          1.956	 -2.585
          1.960	 -2.585
          1.964	 -2.590
          1.968	 -2.570
          1.972	 -2.585
          1.976	 -2.575
          1.980	 -2.580
          1.984	 -2.575
          1.988	 -2.585
          1.992	 -2.585
          1.996	 -2.575
          2.000	 -2.585
          2.004	 -2.580
          2.008	 -2.590
          2.012	 -2.595
          2.016	 -2.595
          2.020	 -2.595
          2.024	 -2.585
          2.028	 -2.590
          2.032	 -2.585
          2.036	 -2.585
          2.040	 -2.585
          2.044	 -2.585
          2.048	 -2.595
          2.052	 -2.585
          2.056	 -2.595
          2.060	 -2.590
          2.064	 -2.595
          2.068	 -2.590
          2.072	 -2.590
          2.076	 -2.595
          2.080	 -2.595
          2.084	 -2.600
          2.088	 -2.605
          2.092	 -2.600
          2.096	 -2.600
          2.100	 -2.595
          2.104	 -2.605
          2.108	 -2.600
          2.112	 -2.605
          2.116	 -2.600
          2.120	 -2.605
          2.124	 -2.605
          2.128	 -2.605
          2.132	 -2.610
          2.136	 -2.605
          2.140	 -2.615
          2.144	 -2.610
          2.148	 -2.600
          2.152	 -2.605
          2.156	 -2.605
          2.160	 -2.610
          2.164	 -2.600
          2.168	 -2.610
          2.172	 -2.605
          2.176	 -2.605
          2.180	 -2.600
          2.184	 -2.595
          2.188	 -2.600
          2.192	 -2.595
          2.196	 -2.600
          2.200	 -2.585
          2.204	 -2.600
          2.208	 -2.595
          2.212	 -2.590
          2.216	 -2.595
          2.220	 -2.590
          2.224	 -2.590
          2.228	 -2.595
          2.232	 -2.590
          2.236	 -2.590
          2.240	 -2.585
          2.244	 -2.585
          2.248	 -2.575
          2.252	 -2.585
          2.256	 -2.585
          2.260	 -2.585
          2.264	 -2.590
          2.268	 -2.585
          2.272	 -2.595
          2.276	 -2.585
          2.280	 -2.585
          2.284	 -2.595
          2.288	 -2.590
          2.292	 -2.590
          2.296	 -2.590
          2.300	 -2.585
          2.304	 -2.585
          2.308	 -2.590
          2.312	 -2.590
          2.316	 -2.585
          2.320	 -2.565
          2.324	 -2.540
          2.328	 -2.520
          2.332	 -2.505
          2.336	 -2.510
          2.340	 -2.510
          2.344	 -2.510
          2.348	 -2.520
          2.352	 -2.510
          2.356	 -2.510
          2.360	 -2.480
          2.364	 -2.475
          2.368	 -2.475
          2.372	 -2.485
          2.376	 -2.500
          2.380	 -2.520
          2.384	 -2.550
          2.388	 -2.530
          2.392	 -2.535
          2.396	 -2.550
          2.400	 -2.570
          2.404	 -2.585
          2.408	 -2.595
          2.412	 -2.605
          2.416	 -2.595
          2.420	 -2.620
          2.424	 -2.635
          2.428	 -2.635
          2.432	 -2.640
          2.436	 -2.645
          2.440	 -2.645
          2.444	 -2.635
          2.448	 -2.645
          2.452	 -2.645
          2.456	 -2.645
          2.460	 -2.645
          2.464	 -2.645
          2.468	 -2.655
          2.472	 -2.645
          2.476	 -2.650
          2.480	 -2.660
          2.484	 -2.660
          2.488	 -2.660
          2.492	 -2.655
          2.496	 -2.665
          2.500	 -2.660
          2.504	 -2.670
          2.508	 -2.660
          2.512	 -2.660
          2.516	 -2.655
          2.520	 -2.620
          2.524	 -2.555
          2.528	 -2.545
          2.532	 -2.550
          2.536	 -2.505
          2.540	 -2.500
          2.544	 -2.570
          2.548	 -2.710
          2.552	 -2.820
          2.556	 -2.880
          2.560	 -3.040
          2.564	 -3.275
          2.568	 -3.355
          2.572	 -3.170
          2.576	 -3.020
          2.580	 -3.030
          2.584	 -3.070
          2.588	 -3.110
          2.592	 -3.145
          2.596	 -3.190
          2.600	 -3.195
          2.604	 -3.115
          2.608	 -2.995
          2.612	 -2.880
          2.616	 -2.790
          2.620	 -2.720
          2.624	 -2.660
          2.628	 -2.635
          2.632	 -2.630
          2.636	 -2.635
          2.640	 -2.640
          2.644	 -2.630
          2.648	 -2.620
          2.652	 -2.620
          2.656	 -2.620
          2.660	 -2.620
          2.664	 -2.610
          2.668	 -2.610
          2.672	 -2.600
          2.676	 -2.610
          2.680	 -2.610
          2.684	 -2.605
          2.688	 -2.610
          2.692	 -2.600
          2.696	 -2.595
          2.700	 -2.590
          2.704	 -2.595
          2.708	 -2.595
          2.712	 -2.585
          2.716	 -2.585
          2.720	 -2.575
          2.724	 -2.585
          2.728	 -2.585
          2.732	 -2.590
          2.736	 -2.585
          2.740	 -2.585
          2.744	 -2.585
          2.748	 -2.570
          2.752	 -2.585
          2.756	 -2.570
          2.760	 -2.580
          2.764	 -2.570
          2.768	 -2.565
          2.772	 -2.565
          2.776	 -2.550
          2.780	 -2.545
          2.784	 -2.540
          2.788	 -2.535
          2.792	 -2.520
          2.796	 -2.510
          2.800	 -2.510
          2.804	 -2.495
          2.808	 -2.500
          2.812	 -2.490
          2.816	 -2.490
          2.820	 -2.480
          2.824	 -2.475
          2.828	 -2.460
          2.832	 -2.460
          2.836	 -2.435
          2.840	 -2.430
          2.844	 -2.420
          2.848	 -2.410
          2.852	 -2.415
          2.856	 -2.410
          2.860	 -2.410
          2.864	 -2.405
          2.868	 -2.415
          2.872	 -2.415
          2.876	 -2.430
          2.880	 -2.425
          2.884	 -2.445
          2.888	 -2.455
          2.892	 -2.465
          2.896	 -2.495
          2.900	 -2.505
          2.904	 -2.520
          2.908	 -2.520
          2.912	 -2.535
          2.916	 -2.545
          2.920	 -2.565
          2.924	 -2.565
          2.928	 -2.570
          2.932	 -2.585
          2.936	 -2.570
          2.940	 -2.575
          2.944	 -2.585
          2.948	 -2.595
          2.952	 -2.595
          2.956	 -2.595
          2.960	 -2.600
          2.964	 -2.595
          2.968	 -2.600
          2.972	 -2.595
          2.976	 -2.610
          2.980	 -2.605
          2.984	 -2.605
          2.988	 -2.605
          2.992	 -2.615
          2.996	 -2.620
          3.000	 -2.610
          3.004	 -2.620
          3.008	 -2.620
          3.012	 -2.620
          3.016	 -2.620
          3.020	 -2.620
          3.024	 -2.620
          3.028	 -2.620
          3.032	 -2.630
          3.036	 -2.620
          3.040	 -2.625
          3.044	 -2.625
          3.048	 -2.630
          3.052	 -2.635
          3.056	 -2.630
          3.060	 -2.635
          3.064	 -2.620
          3.068	 -2.635
          3.072	 -2.630
          3.076	 -2.635
          3.080	 -2.625
          3.084	 -2.630
          3.088	 -2.635
          3.092	 -2.635
          3.096	 -2.635
          3.100	 -2.635
          3.104	 -2.635
          3.108	 -2.635
          3.112	 -2.635
          3.116	 -2.640
          3.120	 -2.635
          3.124	 -2.645
          3.128	 -2.640
          3.132	 -2.635
          3.136	 -2.645
          3.140	 -2.645
          3.144	 -2.645
          3.148	 -2.635
          3.152	 -2.645
          3.156	 -2.645
          3.160	 -2.640
          3.164	 -2.645
          3.168	 -2.635
          3.172	 -2.645
          3.176	 -2.640
          3.180	 -2.635
          3.184	 -2.640
          3.188	 -2.645
          3.192	 -2.645
          3.196	 -2.635
          3.200	 -2.645
          3.204	 -2.645
          3.208	 -2.650
          3.212	 -2.645
          3.216	 -2.645
          3.220	 -2.640
          3.224	 -2.635
          3.228	 -2.645
          3.232	 -2.645
          3.236	 -2.635
          3.240	 -2.635
          3.244	 -2.635
          3.248	 -2.635
          3.252	 -2.630
          3.256	 -2.635
          3.260	 -2.620
          3.264	 -2.630
          3.268	 -2.625
          3.272	 -2.620
          3.276	 -2.620
          3.280	 -2.630
          3.284	 -2.635
          3.288	 -2.635
          3.292	 -2.630
          3.296	 -2.620
          3.300	 -2.630
          3.304	 -2.630
          3.308	 -2.630
          3.312	 -2.635
          3.316	 -2.630
          3.320	 -2.635
          3.324	 -2.625
          3.328	 -2.630
          3.332	 -2.630
          3.336	 -2.620
          3.340	 -2.620
          3.344	 -2.620
          3.348	 -2.630
          3.352	 -2.630
          3.356	 -2.620
          3.360	 -2.635
          3.364	 -2.635
          3.368	 -2.630
          3.372	 -2.620
          3.376	 -2.630
          3.380	 -2.620
          3.384	 -2.620
          3.388	 -2.620
          3.392	 -2.620
          3.396	 -2.610
          3.400	 -2.610
          3.404	 -2.605
          3.408	 -2.585
          3.412	 -2.560
          3.416	 -2.535
          3.420	 -2.530
          3.424	 -2.540
          3.428	 -2.530
          3.432	 -2.535
          3.436	 -2.535
          3.440	 -2.535
          3.444	 -2.530
          3.448	 -2.510
          3.452	 -2.515
          3.456	 -2.510
          3.460	 -2.515
          3.464	 -2.545
          3.468	 -2.555
          3.472	 -2.565
          3.476	 -2.565
          3.480	 -2.600
          3.484	 -2.595
          3.488	 -2.605
          3.492	 -2.620
          3.496	 -2.630
          3.500	 -2.635
          3.504	 -2.650
          3.508	 -2.665
          3.512	 -2.665
          3.516	 -2.680
          3.520	 -2.680
          3.524	 -2.680
          3.528	 -2.680
          3.532	 -2.680
          3.536	 -2.685
          3.540	 -2.685
          3.544	 -2.695
          3.548	 -2.710
          3.552	 -2.705
          3.556	 -2.705
          3.560	 -2.705
          3.564	 -2.710
          3.568	 -2.710
          3.572	 -2.720
          3.576	 -2.720
          3.580	 -2.720
          3.584	 -2.720
          3.588	 -2.715
          3.592	 -2.710
          3.596	 -2.710
          3.600	 -2.715
          3.604	 -2.715
          3.608	 -2.680
          3.612	 -2.610
          3.616	 -2.615
          3.620	 -2.615
          3.624	 -2.585
          3.628	 -2.590
          3.632	 -2.680
          3.636	 -2.800
          3.640	 -2.885
          3.644	 -2.930
          3.648	 -3.085
          3.652	 -3.285
          3.656	 -3.330
          3.660	 -3.140
          3.664	 -3.010
          3.668	 -3.015
          3.672	 -3.060
          3.676	 -3.135
          3.680	 -3.175
          3.684	 -3.220
          3.688	 -3.235
          3.692	 -3.160
          3.696	 -3.060
          3.700	 -2.945
          3.704	 -2.850
          3.708	 -2.780
          3.712	 -2.720
          3.716	 -2.710
          3.720	 -2.715
          3.724	 -2.705
          3.728	 -2.690
          3.732	 -2.695
          3.736	 -2.685
          3.740	 -2.680
          3.744	 -2.670
          3.748	 -2.670
          3.752	 -2.675
          3.756	 -2.680
          3.760	 -2.685
          3.764	 -2.685
          3.768	 -2.675
          3.772	 -2.660
          3.776	 -2.660
          3.780	 -2.645
          3.784	 -2.645
          3.788	 -2.650
          3.792	 -2.660
          3.796	 -2.660
          3.800	 -2.650
          3.804	 -2.660
          3.808	 -2.660
          3.812	 -2.670
          3.816	 -2.645
          3.820	 -2.635
          3.824	 -2.635
          3.828	 -2.635
          3.832	 -2.635
          3.836	 -2.635
          3.840	 -2.635
          3.844	 -2.630
          3.848	 -2.635
          3.852	 -2.620
          3.856	 -2.620
          3.860	 -2.620
          3.864	 -2.615
          3.868	 -2.620
          3.872	 -2.610
          3.876	 -2.605
          3.880	 -2.595
          3.884	 -2.585
          3.888	 -2.570
          3.892	 -2.570
          3.896	 -2.570
          3.900	 -2.565
          3.904	 -2.560
          3.908	 -2.545
          3.912	 -2.545
          3.916	 -2.530
          3.920	 -2.530
          3.924	 -2.520
          3.928	 -2.535
          3.932	 -2.520
          3.936	 -2.515
          3.940	 -2.505
          3.944	 -2.480
          3.948	 -2.475
          3.952	 -2.480
          3.956	 -2.485
          3.960	 -2.480
          3.964	 -2.475
          3.968	 -2.480
          3.972	 -2.510
          3.976	 -2.535
          3.980	 -2.560
          3.984	 -2.565
          3.988	 -2.585
          3.992	 -2.585
          3.996	 -2.595
          4.000	 -2.605
          4.004	 -2.600
          4.008	 -2.615
          4.012	 -2.625
          4.016	 -2.635
          4.020	 -2.635
          4.024	 -2.645
          4.028	 -2.650
          4.032	 -2.645
          4.036	 -2.655
          4.040	 -2.650
          4.044	 -2.660
          4.048	 -2.650
          4.052	 -2.650
          4.056	 -2.650
          4.060	 -2.645
          4.064	 -2.650
          4.068	 -2.635
          4.072	 -2.640
          4.076	 -2.635
          4.080	 -2.660
          4.084	 -2.665
          4.088	 -2.660
          4.092	 -2.660
          4.096	 -2.645
          4.100	 -2.645
          4.104	 -2.645
          4.108	 -2.650
          4.112	 -2.660
          4.116	 -2.660
          4.120	 -2.670
          4.124	 -2.660
          4.128	 -2.665
          4.132	 -2.660
          4.136	 -2.660
          4.140	 -2.660
          4.144	 -2.660
          4.148	 -2.670
          4.152	 -2.660
          4.156	 -2.660
          4.160	 -2.650
          4.164	 -2.665
          4.168	 -2.665
          4.172	 -2.670
          4.176	 -2.670
          4.180	 -2.675
          4.184	 -2.670
          4.188	 -2.670
          4.192	 -2.670
          4.196	 -2.670
          4.200	 -2.670
          4.204	 -2.685
          4.208	 -2.685
          4.212	 -2.685
          4.216	 -2.670
          4.220	 -2.680
          4.224	 -2.690
          4.228	 -2.685
          4.232	 -2.685
          4.236	 -2.690
          4.240	 -2.685
          4.244	 -2.680
          4.248	 -2.685
          4.252	 -2.695
          4.256	 -2.695
          4.260	 -2.690
          4.264	 -2.675
          4.268	 -2.685
          4.272	 -2.680
          4.276	 -2.680
          4.280	 -2.685
          4.284	 -2.695
          4.288	 -2.700
          4.292	 -2.700
          4.296	 -2.695
          4.300	 -2.685
          4.304	 -2.685
          4.308	 -2.685
          4.312	 -2.695
          4.316	 -2.700
          4.320	 -2.690
          4.324	 -2.695
          4.328	 -2.685
          4.332	 -2.695
          4.336	 -2.705
          4.340	 -2.710
          4.344	 -2.700
          4.348	 -2.685
          4.352	 -2.680
          4.356	 -2.665
          4.360	 -2.690
          4.364	 -2.685
          4.368	 -2.680
          4.372	 -2.685
          4.376	 -2.680
          4.380	 -2.680
          4.384	 -2.670
          4.388	 -2.675
          4.392	 -2.660
          4.396	 -2.675
          4.400	 -2.680
          4.404	 -2.680
          4.408	 -2.680
          4.412	 -2.685
          4.416	 -2.690
          4.420	 -2.685
          4.424	 -2.685
          4.428	 -2.690
          4.432	 -2.690
          4.436	 -2.685
          4.440	 -2.675
          4.444	 -2.665
          4.448	 -2.660
          4.452	 -2.675
          4.456	 -2.685
          4.460	 -2.675
          4.464	 -2.680
          4.468	 -2.670
          4.472	 -2.685
          4.476	 -2.680
          4.480	 -2.670
          4.484	 -2.675
          4.488	 -2.675
          4.492	 -2.660
          4.496	 -2.650
          4.500	 -2.635
          4.504	 -2.610
          4.508	 -2.610
          4.512	 -2.605
          4.516	 -2.595
          4.520	 -2.600
          4.524	 -2.590
          4.528	 -2.585
          4.532	 -2.565
          4.536	 -2.560
          4.540	 -2.560
          4.544	 -2.560
          4.548	 -2.585
          4.552	 -2.595
          4.556	 -2.600
          4.560	 -2.605
          4.564	 -2.610
          4.568	 -2.620
          4.572	 -2.615
          4.576	 -2.660
          4.580	 -2.660
          4.584	 -2.690
          4.588	 -2.705
          4.592	 -2.720
          4.596	 -2.720
          4.600	 -2.720
          4.604	 -2.720
          4.608	 -2.700
          4.612	 -2.720
          4.616	 -2.730
          4.620	 -2.735
          4.624	 -2.745
          4.628	 -2.745
          4.632	 -2.745
          4.636	 -2.735
          4.640	 -2.730
          4.644	 -2.735
          4.648	 -2.745
          4.652	 -2.750
          4.656	 -2.760
          4.660	 -2.745
          4.664	 -2.735
          4.668	 -2.735
          4.672	 -2.735
          4.676	 -2.745
          4.680	 -2.750
          4.684	 -2.745
          4.688	 -2.755
          4.692	 -2.745
          4.696	 -2.700
          4.700	 -2.685
          4.704	 -2.695
          4.708	 -2.655
          4.712	 -2.640
          4.716	 -2.695
          4.720	 -2.785
          4.724	 -2.830
          4.728	 -2.845
          4.732	 -2.930
          4.736	 -3.100
          4.740	 -3.180
          4.744	 -3.040
          4.748	 -2.890
          4.752	 -2.880
          4.756	 -2.945
          4.760	 -3.070
          4.764	 -3.140
          4.768	 -3.170
          4.772	 -3.210
          4.776	 -3.185
          4.780	 -3.085
          4.784	 -2.970
          4.788	 -2.875
          4.792	 -2.820
          4.796	 -2.745
          4.800	 -2.720
          4.804	 -2.715
          4.808	 -2.715
          4.812	 -2.710
          4.816	 -2.695
          4.820	 -2.690
          4.824	 -2.675
          4.828	 -2.685
          4.832	 -2.695
          4.836	 -2.695
          4.840	 -2.695
          4.844	 -2.680
          4.848	 -2.675
          4.852	 -2.670
          4.856	 -2.665
          4.860	 -2.660
          4.864	 -2.650
          4.868	 -2.660
          4.872	 -2.665
          4.876	 -2.670
          4.880	 -2.660
          4.884	 -2.660
          4.888	 -2.650
          4.892	 -2.655
          4.896	 -2.660
          4.900	 -2.655
          4.904	 -2.660
          4.908	 -2.660
          4.912	 -2.650
          4.916	 -2.635
          4.920	 -2.620
          4.924	 -2.620
          4.928	 -2.610
          4.932	 -2.620
          4.936	 -2.615
          4.940	 -2.610
          4.944	 -2.615
          4.948	 -2.605
          4.952	 -2.595
          4.956	 -2.585
          4.960	 -2.585
          4.964	 -2.580
          4.968	 -2.585
          4.972	 -2.585
          4.976	 -2.570
          4.980	 -2.570
          4.984	 -2.555
          4.988	 -2.545
          4.992	 -2.535
          4.996	 -2.525
          5.000	 -2.510
          5.004	 -2.510
          5.008	 -2.500
          5.012	 -2.505
          5.016	 -2.490
          5.020	 -2.480
          5.024	 -2.475
          5.028	 -2.465
          5.032	 -2.460
          5.036	 -2.460
          5.040	 -2.455
          5.044	 -2.460
          5.048	 -2.460
          5.052	 -2.470
          5.056	 -2.495
          5.060	 -2.500
          5.064	 -2.515
          5.068	 -2.525
          5.072	 -2.535
          5.076	 -2.545
          5.080	 -2.555
          5.084	 -2.560
          5.088	 -2.575
          5.092	 -2.595
          5.096	 -2.595
          5.100	 -2.610
          5.104	 -2.610
          5.108	 -2.620
          5.112	 -2.620
          5.116	 -2.620
          5.120	 -2.630
          5.124	 -2.630
          5.128	 -2.635
          5.132	 -2.630
          5.136	 -2.625
          5.140	 -2.630
          5.144	 -2.620
          5.148	 -2.635
          5.152	 -2.630
          5.156	 -2.620
          5.160	 -2.635
          5.164	 -2.635
          5.168	 -2.640
          5.172	 -2.640
          5.176	 -2.650
          5.180	 -2.645
          5.184	 -2.650
          5.188	 -2.655
          5.192	 -2.650
          5.196	 -2.650
          5.200	 -2.645
          5.204	 -2.650
          5.208	 -2.645
          5.212	 -2.645
          5.216	 -2.645
          5.220	 -2.645
          5.224	 -2.650
          5.228	 -2.650
          5.232	 -2.660
          5.236	 -2.645
          5.240	 -2.650
          5.244	 -2.645
          5.248	 -2.650
          5.252	 -2.660
          5.256	 -2.640
          5.260	 -2.660
          5.264	 -2.645
          5.268	 -2.650
          5.272	 -2.645
          5.276	 -2.655
          5.280	 -2.660
          5.284	 -2.650
          5.288	 -2.660
          5.292	 -2.650
          5.296	 -2.655
          5.300	 -2.660
          5.304	 -2.655
          5.308	 -2.660
          5.312	 -2.650
          5.316	 -2.650
          5.320	 -2.650
          5.324	 -2.655
          5.328	 -2.650
          5.332	 -2.650
          5.336	 -2.655
          5.340	 -2.650
          5.344	 -2.660
          5.348	 -2.645
          5.352	 -2.660
          5.356	 -2.650
          5.360	 -2.650
          5.364	 -2.660
          5.368	 -2.650
          5.372	 -2.640
          5.376	 -2.640
          5.380	 -2.655
          5.384	 -2.650
          5.388	 -2.645
          5.392	 -2.645
          5.396	 -2.645
          5.400	 -2.650
          5.404	 -2.645
          5.408	 -2.645
          5.412	 -2.640
          5.416	 -2.645
          5.420	 -2.635
          5.424	 -2.640
          5.428	 -2.640
          5.432	 -2.630
          5.436	 -2.635
          5.440	 -2.635
          5.444	 -2.635
          5.448	 -2.635
          5.452	 -2.635
          5.456	 -2.645
          5.460	 -2.635
          5.464	 -2.625
          5.468	 -2.635
          5.472	 -2.635
          5.476	 -2.630
          5.480	 -2.615
          5.484	 -2.625
          5.488	 -2.620
          5.492	 -2.630
          5.496	 -2.630
          5.500	 -2.620
          5.504	 -2.620
          5.508	 -2.615
          5.512	 -2.620
          5.516	 -2.620
          5.520	 -2.620
          5.524	 -2.620
          5.528	 -2.615
          5.532	 -2.620
          5.536	 -2.620
          5.540	 -2.620
          5.544	 -2.610
          5.548	 -2.590
          5.552	 -2.565
          5.556	 -2.540
          5.560	 -2.540
          5.564	 -2.535
          5.568	 -2.545
          5.572	 -2.545
          5.576	 -2.535
          5.580	 -2.535
          5.584	 -2.520
          5.588	 -2.500
          5.592	 -2.495
          5.596	 -2.490
          5.600	 -2.505
          5.604	 -2.510
          5.608	 -2.545
          5.612	 -2.540
          5.616	 -2.550
          5.620	 -2.555
          5.624	 -2.565
          5.628	 -2.570
          5.632	 -2.590
          5.636	 -2.620
          5.640	 -2.610
          5.644	 -2.630
          5.648	 -2.645
          5.652	 -2.650
          5.656	 -2.660
          5.660	 -2.660
          5.664	 -2.665
          5.668	 -2.665
          5.672	 -2.665
          5.676	 -2.665
          5.680	 -2.670
          5.684	 -2.670
          5.688	 -2.670
          5.692	 -2.665
          5.696	 -2.670
          5.700	 -2.670
          5.704	 -2.670
          5.708	 -2.670
          5.712	 -2.675
          5.716	 -2.665
          5.720	 -2.675
          5.724	 -2.675
          5.728	 -2.685
          5.732	 -2.680
          5.736	 -2.685
          5.740	 -2.695
          5.744	 -2.680
          5.748	 -2.645
          5.752	 -2.585
          5.756	 -2.590
          5.760	 -2.575
          5.764	 -2.535
          5.768	 -2.535
          5.772	 -2.600
          5.776	 -2.735
          5.780	 -2.825
          5.784	 -2.870
          5.788	 -3.010
          5.792	 -3.230
          5.796	 -3.315
          5.800	 -3.145
          5.804	 -3.015
          5.808	 -3.010
          5.812	 -3.045
          5.816	 -3.100
          5.820	 -3.145
          5.824	 -3.185
          5.828	 -3.185
          5.832	 -3.105
          5.836	 -2.995
          5.840	 -2.880
          5.844	 -2.805
          5.848	 -2.735
          5.852	 -2.680
          5.856	 -2.665
          5.860	 -2.660
          5.864	 -2.660
          5.868	 -2.655
          5.872	 -2.645
          5.876	 -2.645
          5.880	 -2.635
          5.884	 -2.645
          5.888	 -2.635
          5.892	 -2.645
          5.896	 -2.635
          5.900	 -2.630
          5.904	 -2.635
          5.908	 -2.625
          5.912	 -2.635
          5.916	 -2.620
          5.920	 -2.620
          5.924	 -2.615
          5.928	 -2.620
          5.932	 -2.620
          5.936	 -2.610
          5.940	 -2.620
          5.944	 -2.610
          5.948	 -2.610
          5.952	 -2.600
          5.956	 -2.595
          5.960	 -2.605
          5.964	 -2.605
          5.968	 -2.600
          5.972	 -2.590
          5.976	 -2.595
          5.980	 -2.595
          5.984	 -2.585
          5.988	 -2.590
          5.992	 -2.585
          5.996	 -2.590
          6.000	 -2.585
          6.004	 -2.590
          6.008	 -2.575
          6.012	 -2.565
          6.016	 -2.565
          6.020	 -2.560
          6.024	 -2.550
          6.028	 -2.545
          6.032	 -2.535
          6.036	 -2.515
          6.040	 -2.520
          6.044	 -2.510
          6.048	 -2.500
          6.052	 -2.495
          6.056	 -2.495
          6.060	 -2.480
          6.064	 -2.475
          6.068	 -2.475
          6.072	 -2.460
          6.076	 -2.455
          6.080	 -2.445
          6.084	 -2.460
          6.088	 -2.445
          6.092	 -2.450
          6.096	 -2.450
          6.100	 -2.460
          6.104	 -2.450
          6.108	 -2.465
          6.112	 -2.470
          6.116	 -2.485
          6.120	 -2.505
          6.124	 -2.510
          6.128	 -2.535
          6.132	 -2.535
          6.136	 -2.545
          6.140	 -2.565
          6.144	 -2.580
          6.148	 -2.585
          6.152	 -2.585
          6.156	 -2.595
          6.160	 -2.595
          6.164	 -2.600
          6.168	 -2.605
          6.172	 -2.610
          6.176	 -2.615
          6.180	 -2.620
          6.184	 -2.620
          6.188	 -2.620
          6.192	 -2.625
          6.196	 -2.625
          6.200	 -2.630
          6.204	 -2.635
          6.208	 -2.635
          6.212	 -2.625
          6.216	 -2.635
          6.220	 -2.635
          6.224	 -2.630
          6.228	 -2.635
          6.232	 -2.630
          6.236	 -2.635
          6.240	 -2.630
          6.244	 -2.635
          6.248	 -2.645
          6.252	 -2.620
          6.256	 -2.640
          6.260	 -2.635
          6.264	 -2.640
          6.268	 -2.635
          6.272	 -2.635
          6.276	 -2.640
          6.280	 -2.640
          6.284	 -2.645
          6.288	 -2.640
          6.292	 -2.645
          6.296	 -2.645
          6.300	 -2.645
          6.304	 -2.650
          6.308	 -2.645
          6.312	 -2.650
          6.316	 -2.645
          6.320	 -2.650
          6.324	 -2.650
          6.328	 -2.645
          6.332	 -2.650
          6.336	 -2.645
          6.340	 -2.645
          6.344	 -2.635
          6.348	 -2.635
          6.352	 -2.630
          6.356	 -2.645
          6.360	 -2.650
          6.364	 -2.650
          6.368	 -2.645
          6.372	 -2.645
          6.376	 -2.650
          6.380	 -2.650
          6.384	 -2.660
          6.388	 -2.660
          6.392	 -2.650
          6.396	 -2.660
          6.400	 -2.650
          6.404	 -2.660
          6.408	 -2.660
          6.412	 -2.660
          6.416	 -2.660
          6.420	 -2.660
          6.424	 -2.660
          6.428	 -2.655
          6.432	 -2.660
          6.436	 -2.655
          6.440	 -2.650
          6.444	 -2.650
          6.448	 -2.650
          6.452	 -2.660
          6.456	 -2.650
          6.460	 -2.650
          6.464	 -2.650
          6.468	 -2.645
          6.472	 -2.645
          6.476	 -2.635
          6.480	 -2.645
          6.484	 -2.635
          6.488	 -2.640
          6.492	 -2.635
          6.496	 -2.630
          6.500	 -2.635
          6.504	 -2.635
          6.508	 -2.635
          6.512	 -2.630
          6.516	 -2.635
          6.520	 -2.630
          6.524	 -2.620
          6.528	 -2.635
          6.532	 -2.630
          6.536	 -2.635
          6.540	 -2.620
          6.544	 -2.620
          6.548	 -2.620
          6.552	 -2.635
          6.556	 -2.620
          6.560	 -2.620
          6.564	 -2.620
          6.568	 -2.620
          6.572	 -2.620
          6.576	 -2.620
          6.580	 -2.620
          6.584	 -2.620
          6.588	 -2.625
          6.592	 -2.630
          6.596	 -2.625
          6.600	 -2.635
          6.604	 -2.635
          6.608	 -2.635
          6.612	 -2.635
          6.616	 -2.630
          6.620	 -2.620
          6.624	 -2.595
          6.628	 -2.575
          6.632	 -2.570
          6.636	 -2.565
          6.640	 -2.565
          6.644	 -2.560
          6.648	 -2.560
          6.652	 -2.545
          6.656	 -2.550
          6.660	 -2.535
          6.664	 -2.525
          6.668	 -2.530
          6.672	 -2.525
          6.676	 -2.545
          6.680	 -2.560
          6.684	 -2.570
          6.688	 -2.575
          6.692	 -2.585
          6.696	 -2.595
          6.700	 -2.600
          6.704	 -2.620
          6.708	 -2.630
          6.712	 -2.635
          6.716	 -2.650
          6.720	 -2.665
          6.724	 -2.675
          6.728	 -2.675
          6.732	 -2.685
          6.736	 -2.685
          6.740	 -2.695
          6.744	 -2.685
          6.748	 -2.690
          6.752	 -2.695
          6.756	 -2.695
          6.760	 -2.700
          6.764	 -2.695
          6.768	 -2.700
          6.772	 -2.705
          6.776	 -2.710
          6.780	 -2.710
          6.784	 -2.710
          6.788	 -2.710
          6.792	 -2.710
          6.796	 -2.720
          6.800	 -2.700
          6.804	 -2.715
          6.808	 -2.710
          6.812	 -2.720
          6.816	 -2.710
          6.820	 -2.695
          6.824	 -2.640
          6.828	 -2.610
          6.832	 -2.615
          6.836	 -2.595
          6.840	 -2.565
          6.844	 -2.605
          6.848	 -2.730
          6.852	 -2.845
          6.856	 -2.900
          6.860	 -3.020
          6.864	 -3.235
          6.868	 -3.370
          6.872	 -3.235
          6.876	 -3.060
          6.880	 -3.030
          6.884	 -3.055
          6.888	 -3.115
          6.892	 -3.160
          6.896	 -3.195
          6.900	 -3.235
          6.904	 -3.170
          6.908	 -3.070
          6.912	 -2.945
          6.916	 -2.845
          6.920	 -2.785
          6.924	 -2.715
          6.928	 -2.705
          6.932	 -2.695
          6.936	 -2.690
          6.940	 -2.690
          6.944	 -2.675
          6.948	 -2.685
          6.952	 -2.675
          6.956	 -2.670
          6.960	 -2.665
          6.964	 -2.670
          6.968	 -2.670
          6.972	 -2.660
          6.976	 -2.660
          6.980	 -2.655
          6.984	 -2.660
          6.988	 -2.650
          6.992	 -2.645
          6.996	 -2.660
          7.000	 -2.650
          7.004	 -2.660
          7.008	 -2.645
          7.012	 -2.650
          7.016	 -2.635
          7.020	 -2.635
          7.024	 -2.645
          7.028	 -2.645
          7.032	 -2.645
          7.036	 -2.645
          7.040	 -2.645
          7.044	 -2.630
          7.048	 -2.635
          7.052	 -2.630
          7.056	 -2.620
          7.060	 -2.630
          7.064	 -2.620
          7.068	 -2.620
          7.072	 -2.615
          7.076	 -2.610
          7.080	 -2.605
          7.084	 -2.605
          7.088	 -2.605
          7.092	 -2.600
          7.096	 -2.595
          7.100	 -2.595
          7.104	 -2.585
          7.108	 -2.565
          7.112	 -2.570
          7.116	 -2.560
          7.120	 -2.545
          7.124	 -2.540
          7.128	 -2.530
          7.132	 -2.510
          7.136	 -2.515
          7.140	 -2.510
          7.144	 -2.510
          7.148	 -2.495
          7.152	 -2.485
          7.156	 -2.485
          7.160	 -2.470
          7.164	 -2.480
          7.168	 -2.480
          7.172	 -2.485
          7.176	 -2.495
          7.180	 -2.510
          7.184	 -2.510
          7.188	 -2.530
          7.192	 -2.545
          7.196	 -2.565
          7.200	 -2.575
          7.204	 -2.585
          7.208	 -2.605
          7.212	 -2.605
          7.216	 -2.620
          7.220	 -2.615
          7.224	 -2.635
          7.228	 -2.640
          7.232	 -2.620
          7.236	 -2.630
          7.240	 -2.625
          7.244	 -2.645
          7.248	 -2.650
          7.252	 -2.645
          7.256	 -2.650
          7.260	 -2.650
          7.264	 -2.650
          7.268	 -2.645
          7.272	 -2.650
          7.276	 -2.660
          7.280	 -2.665
          7.284	 -2.665
          7.288	 -2.665
          7.292	 -2.670
          7.296	 -2.660
          7.300	 -2.665
          7.304	 -2.660
          7.308	 -2.660
          7.312	 -2.660
          7.316	 -2.665
          7.320	 -2.670
          7.324	 -2.670
          7.328	 -2.675
          7.332	 -2.665
          7.336	 -2.670
          7.340	 -2.660
          7.344	 -2.660
          7.348	 -2.660
          7.352	 -2.665
          7.356	 -2.670
          7.360	 -2.665
          7.364	 -2.670
          7.368	 -2.665
          7.372	 -2.670
          7.376	 -2.670
          7.380	 -2.670
          7.384	 -2.670
          7.388	 -2.680
          7.392	 -2.685
          7.396	 -2.685
          7.400	 -2.685
          7.404	 -2.685
          7.408	 -2.685
          7.412	 -2.695
          7.416	 -2.680
          7.420	 -2.690
          7.424	 -2.685
          7.428	 -2.695
          7.432	 -2.705
          7.436	 -2.695
          7.440	 -2.695
          7.444	 -2.695
          7.448	 -2.685
          7.452	 -2.685
          7.456	 -2.690
          7.460	 -2.690
          7.464	 -2.690
          7.468	 -2.705
          7.472	 -2.695
          7.476	 -2.695
          7.480	 -2.690
          7.484	 -2.695
          7.488	 -2.695
          7.492	 -2.700
          7.496	 -2.710
          7.500	 -2.700
          7.504	 -2.695
          7.508	 -2.685
          7.512	 -2.695
          7.516	 -2.695
          7.520	 -2.695
          7.524	 -2.700
          7.528	 -2.700
          7.532	 -2.705
          7.536	 -2.695
          7.540	 -2.695
          7.544	 -2.685
          7.548	 -2.685
          7.552	 -2.690
          7.556	 -2.685
          7.560	 -2.685
          7.564	 -2.670
          7.568	 -2.685
          7.572	 -2.685
          7.576	 -2.680
          7.580	 -2.685
          7.584	 -2.685
          7.588	 -2.695
          7.592	 -2.695
          7.596	 -2.690
          7.600	 -2.685
          7.604	 -2.690
          7.608	 -2.680
          7.612	 -2.690
          7.616	 -2.685
          7.620	 -2.685
          7.624	 -2.700
          7.628	 -2.700
          7.632	 -2.690
          7.636	 -2.680
          7.640	 -2.680
          7.644	 -2.690
          7.648	 -2.690
          7.652	 -2.685
          7.656	 -2.685
          7.660	 -2.685
          7.664	 -2.690
          7.668	 -2.685
          7.672	 -2.675
          7.676	 -2.675
          7.680	 -2.675
          7.684	 -2.680
          7.688	 -2.685
          7.692	 -2.685
          7.696	 -2.675
          7.700	 -2.680
          7.704	 -2.660
          7.708	 -2.630
          7.712	 -2.610
          7.716	 -2.605
          7.720	 -2.615
          7.724	 -2.610
          7.728	 -2.605
          7.732	 -2.595
          7.736	 -2.595
          7.740	 -2.585
          7.744	 -2.575
          7.748	 -2.565
          7.752	 -2.575
          7.756	 -2.585
          7.760	 -2.590
          7.764	 -2.605
          7.768	 -2.610
          7.772	 -2.620
          7.776	 -2.620
          7.780	 -2.620
          7.784	 -2.645
          7.788	 -2.660
          7.792	 -2.690
          7.796	 -2.695
          7.800	 -2.710
          7.804	 -2.720
          7.808	 -2.735
          7.812	 -2.735
          7.816	 -2.730
          7.820	 -2.745
          7.824	 -2.735
          7.828	 -2.735
          7.832	 -2.735
          7.836	 -2.735
          7.840	 -2.735
          7.844	 -2.745
          7.848	 -2.750
          7.852	 -2.750
          7.856	 -2.755
          7.860	 -2.750
          7.864	 -2.755
          7.868	 -2.735
          7.872	 -2.735
          7.876	 -2.755
          7.880	 -2.760
          7.884	 -2.765
          7.888	 -2.760
          7.892	 -2.760
          7.896	 -2.745
          7.900	 -2.735
          7.904	 -2.680
          7.908	 -2.670
          7.912	 -2.685
          7.916	 -2.650
          7.920	 -2.650
          7.924	 -2.710
          7.928	 -2.835
          7.932	 -2.870
          7.936	 -2.880
          7.940	 -3.025
          7.944	 -3.210
          7.948	 -3.225
          7.952	 -3.020
          7.956	 -2.910
          7.960	 -2.930
          7.964	 -3.025
          7.968	 -3.120
          7.972	 -3.150
          7.976	 -3.200
          7.980	 -3.220
          7.984	 -3.175
          7.988	 -3.055
          7.992	 -2.930
          7.996	 -2.850
          8.000	 -2.785
          8.004	 -2.745
          8.008	 -2.720
          8.012	 -2.700
          8.016	 -2.715
          8.020	 -2.715
          8.024	 -2.720
          8.028	 -2.710
          8.032	 -2.710
          8.036	 -2.705
          8.040	 -2.695
          8.044	 -2.705
          8.048	 -2.685
          8.052	 -2.690
          8.056	 -2.680
          8.060	 -2.695
          8.064	 -2.680
          8.068	 -2.695
          8.072	 -2.690
          8.076	 -2.670
          8.080	 -2.660
          8.084	 -2.650
          8.088	 -2.660
          8.092	 -2.660
          8.096	 -2.665
          8.100	 -2.670
          8.104	 -2.665
          8.108	 -2.670
          8.112	 -2.645
          8.116	 -2.655
          8.120	 -2.645
          8.124	 -2.650
          8.128	 -2.650
          8.132	 -2.645
          8.136	 -2.645
          8.140	 -2.635
          8.144	 -2.635
          8.148	 -2.630
          8.152	 -2.635
          8.156	 -2.620
          8.160	 -2.620
          8.164	 -2.615
          8.168	 -2.610
          8.172	 -2.605
          8.176	 -2.600
          8.180	 -2.600
          8.184	 -2.580
          8.188	 -2.570
          8.192	 -2.560
          8.196	 -2.565
          8.200	 -2.545
          8.204	 -2.535
          8.208	 -2.540
          8.212	 -2.535
          8.216	 -2.520
          8.220	 -2.500
          8.224	 -2.505
          8.228	 -2.490
          8.232	 -2.495
          8.236	 -2.475
          8.240	 -2.480
          8.244	 -2.480
          8.248	 -2.490
          8.252	 -2.480
          8.256	 -2.495
          8.260	 -2.510
          8.264	 -2.520
          8.268	 -2.525
          8.272	 -2.545
          8.276	 -2.560
          8.280	 -2.565
          8.284	 -2.595
          8.288	 -2.610
          8.292	 -2.620
          8.296	 -2.620
          8.300	 -2.620
          8.304	 -2.620
          8.308	 -2.620
          8.312	 -2.635
          8.316	 -2.635
          8.320	 -2.650
          8.324	 -2.650
          8.328	 -2.645
          8.332	 -2.645
          8.336	 -2.640
          8.340	 -2.645
          8.344	 -2.650
          8.348	 -2.665
          8.352	 -2.660
          8.356	 -2.665
          8.360	 -2.660
          8.364	 -2.660
          8.368	 -2.650
          8.372	 -2.660
          8.376	 -2.665
          8.380	 -2.650
          8.384	 -2.650
          8.388	 -2.660
          8.392	 -2.665
          8.396	 -2.665
          8.400	 -2.660
          8.404	 -2.655
          8.408	 -2.650
          8.412	 -2.660
          8.416	 -2.660
          8.420	 -2.660
          8.424	 -2.660
          8.428	 -2.660
          8.432	 -2.660
          8.436	 -2.660
          8.440	 -2.670
          8.444	 -2.650
          8.448	 -2.660
          8.452	 -2.660
          8.456	 -2.665
          8.460	 -2.665
          8.464	 -2.660
          8.468	 -2.670
          8.472	 -2.665
          8.476	 -2.675
          8.480	 -2.665
          8.484	 -2.660
          8.488	 -2.665
          8.492	 -2.665
          8.496	 -2.670
          8.500	 -2.660
          8.504	 -2.675
          8.508	 -2.670
          8.512	 -2.675
          8.516	 -2.670
          8.520	 -2.670
          8.524	 -2.670
          8.528	 -2.670
          8.532	 -2.670
          8.536	 -2.675
          8.540	 -2.675
          8.544	 -2.660
          8.548	 -2.665
          8.552	 -2.665
          8.556	 -2.665
          8.560	 -2.660
          8.564	 -2.665
          8.568	 -2.670
          8.572	 -2.660
          8.576	 -2.660
          8.580	 -2.660
          8.584	 -2.650
          8.588	 -2.645
          8.592	 -2.650
          8.596	 -2.655
          8.600	 -2.660
          8.604	 -2.665
          8.608	 -2.660
          8.612	 -2.655
          8.616	 -2.645
          8.620	 -2.635
          8.624	 -2.645
          8.628	 -2.635
          8.632	 -2.645
          8.636	 -2.640
          8.640	 -2.645
          8.644	 -2.645
          8.648	 -2.635
          8.652	 -2.635
          8.656	 -2.635
          8.660	 -2.625
          8.664	 -2.635
          8.668	 -2.640
          8.672	 -2.635
          8.676	 -2.620
          8.680	 -2.630
          8.684	 -2.620
          8.688	 -2.635
          8.692	 -2.635
          8.696	 -2.630
          8.700	 -2.620
          8.704	 -2.620
          8.708	 -2.630
          8.712	 -2.620
          8.716	 -2.620
          8.720	 -2.620
          8.724	 -2.620
          8.728	 -2.620
          8.732	 -2.620
          8.736	 -2.620
          8.740	 -2.620
          8.744	 -2.630
          8.748	 -2.595
          8.752	 -2.560
          8.756	 -2.545
          8.760	 -2.540
          8.764	 -2.535
          8.768	 -2.525
          8.772	 -2.525
          8.776	 -2.500
          8.780	 -2.505
          8.784	 -2.495
          8.788	 -2.475
          8.792	 -2.475
          8.796	 -2.475
          8.800	 -2.500
          8.804	 -2.520
          8.808	 -2.535
          8.812	 -2.535
          8.816	 -2.540
          8.820	 -2.560
          8.824	 -2.560
          8.828	 -2.585
          8.832	 -2.610
          8.836	 -2.620
          8.840	 -2.635
          8.844	 -2.650
          8.848	 -2.660
          8.852	 -2.650
          8.856	 -2.660
          8.860	 -2.660
          8.864	 -2.660
          8.868	 -2.660
          8.872	 -2.665
          8.876	 -2.650
          8.880	 -2.660
          8.884	 -2.665
          8.888	 -2.670
          8.892	 -2.670
          8.896	 -2.670
          8.900	 -2.675
          8.904	 -2.675
          8.908	 -2.680
          8.912	 -2.685
          8.916	 -2.675
          8.920	 -2.690
          8.924	 -2.685
          8.928	 -2.685
          8.932	 -2.685
          8.936	 -2.685
          8.940	 -2.680
          8.944	 -2.630
          8.948	 -2.585
          8.952	 -2.585
          8.956	 -2.575
          8.960	 -2.535
          8.964	 -2.565
          8.968	 -2.665
          8.972	 -2.785
          8.976	 -2.835
          8.980	 -2.915
          8.984	 -3.095
          8.988	 -3.270
          8.992	 -3.185
          8.996	 -2.985
          9.000	 -2.945
          9.004	 -2.980
          9.008	 -3.055
          9.012	 -3.110
          9.016	 -3.145
          9.020	 -3.185
          9.024	 -3.135
          9.028	 -3.035
          9.032	 -2.920
          9.036	 -2.820
          9.040	 -2.745
          9.044	 -2.685
          9.048	 -2.665
          9.052	 -2.660
          9.056	 -2.650
          9.060	 -2.655
          9.064	 -2.645
          9.068	 -2.645
          9.072	 -2.635
          9.076	 -2.635
          9.080	 -2.635
          9.084	 -2.635
          9.088	 -2.635
          9.092	 -2.630
          9.096	 -2.620
          9.100	 -2.620
          9.104	 -2.615
          9.108	 -2.610
          9.112	 -2.615
          9.116	 -2.620
          9.120	 -2.610
          9.124	 -2.610
          9.128	 -2.610
          9.132	 -2.610
          9.136	 -2.605
          9.140	 -2.600
          9.144	 -2.600
          9.148	 -2.595
          9.152	 -2.595
          9.156	 -2.595
          9.160	 -2.595
          9.164	 -2.590
          9.168	 -2.595
          9.172	 -2.590
          9.176	 -2.580
          9.180	 -2.590
          9.184	 -2.570
          9.188	 -2.575
          9.192	 -2.570
          9.196	 -2.560
          9.200	 -2.555
          9.204	 -2.545
          9.208	 -2.535
          9.212	 -2.535
          9.216	 -2.535
          9.220	 -2.525
          9.224	 -2.525
          9.228	 -2.510
          9.232	 -2.505
          9.236	 -2.500
          9.240	 -2.490
          9.244	 -2.480
          9.248	 -2.475
          9.252	 -2.465
          9.256	 -2.450
          9.260	 -2.450
          9.264	 -2.435
          9.268	 -2.435
          9.272	 -2.425
          9.276	 -2.435
          9.280	 -2.420
          9.284	 -2.430
          9.288	 -2.435
          9.292	 -2.460
          9.296	 -2.445
          9.300	 -2.460
          9.304	 -2.475
          9.308	 -2.500
          9.312	 -2.510
          9.316	 -2.520
          9.320	 -2.535
          9.324	 -2.535
          9.328	 -2.560
          9.332	 -2.565
          9.336	 -2.575
          9.340	 -2.570
          9.344	 -2.585
          9.348	 -2.585
          9.352	 -2.595
          9.356	 -2.605
          9.360	 -2.605
          9.364	 -2.605
          9.368	 -2.605
          9.372	 -2.610
          9.376	 -2.620
          9.380	 -2.620
          9.384	 -2.620
          9.388	 -2.620
          9.392	 -2.620
          9.396	 -2.620
          9.400	 -2.635
          9.404	 -2.625
          9.408	 -2.635
          9.412	 -2.630
          9.416	 -2.630
          9.420	 -2.630
          9.424	 -2.620
          9.428	 -2.635
          9.432	 -2.635
          9.436	 -2.635
          9.440	 -2.620
          9.444	 -2.630
          9.448	 -2.625
          9.452	 -2.620
          9.456	 -2.630
          9.460	 -2.620
          9.464	 -2.630
          9.468	 -2.630
          9.472	 -2.635
          9.476	 -2.630
          9.480	 -2.635
          9.484	 -2.635
          9.488	 -2.630
          9.492	 -2.640
          9.496	 -2.635
          9.500	 -2.645
          9.504	 -2.645
          9.508	 -2.650
          9.512	 -2.645
          9.516	 -2.645
          9.520	 -2.645
          9.524	 -2.645
          9.528	 -2.650
          9.532	 -2.645
          9.536	 -2.660
          9.540	 -2.645
          9.544	 -2.650
          9.548	 -2.650
          9.552	 -2.655
          9.556	 -2.655
          9.560	 -2.650
          9.564	 -2.660
          9.568	 -2.645
          9.572	 -2.660
          9.576	 -2.655
          9.580	 -2.660
          9.584	 -2.660
          9.588	 -2.660
          9.592	 -2.660
          9.596	 -2.660
          9.600	 -2.660
          9.604	 -2.660
          9.608	 -2.660
          9.612	 -2.660
          9.616	 -2.650
          9.620	 -2.650
          9.624	 -2.650
          9.628	 -2.660
          9.632	 -2.650
          9.636	 -2.645
          9.640	 -2.645
          9.644	 -2.635
          9.648	 -2.650
          9.652	 -2.645
          9.656	 -2.635
          9.660	 -2.635
          9.664	 -2.640
          9.668	 -2.645
          9.672	 -2.635
          9.676	 -2.635
          9.680	 -2.635
          9.684	 -2.640
          9.688	 -2.635
          9.692	 -2.635
          9.696	 -2.635
          9.700	 -2.640
          9.704	 -2.635
          9.708	 -2.635
          9.712	 -2.635
          9.716	 -2.630
          9.720	 -2.635
          9.724	 -2.635
          9.728	 -2.645
          9.732	 -2.635
          9.736	 -2.640
          9.740	 -2.635
          9.744	 -2.630
          9.748	 -2.635
          9.752	 -2.635
          9.756	 -2.620
          9.760	 -2.635
          9.764	 -2.635
          9.768	 -2.635
          9.772	 -2.635
          9.776	 -2.635
          9.780	 -2.620
          9.784	 -2.620
          9.788	 -2.590
          9.792	 -2.575
          9.796	 -2.550
          9.800	 -2.555
          9.804	 -2.550
          9.808	 -2.545
          9.812	 -2.545
          9.816	 -2.545
          9.820	 -2.545
          9.824	 -2.530
          9.828	 -2.515
          9.832	 -2.525
          9.836	 -2.520
          9.840	 -2.550
          9.844	 -2.560
          9.848	 -2.575
          9.852	 -2.585
          9.856	 -2.590
          9.860	 -2.600
          9.864	 -2.605
          9.868	 -2.620
          9.872	 -2.620
          9.876	 -2.635
          9.880	 -2.645
          9.884	 -2.670
          9.888	 -2.675
          9.892	 -2.685
          9.896	 -2.680
          9.900	 -2.685
          9.904	 -2.695
          9.908	 -2.685
          9.912	 -2.695
          9.916	 -2.695
          9.920	 -2.700
          9.924	 -2.700
          9.928	 -2.700
          9.932	 -2.710
          9.936	 -2.705
          9.940	 -2.710
          9.944	 -2.710
          9.948	 -2.710
          9.952	 -2.710
          9.956	 -2.710
          9.960	 -2.710
          9.964	 -2.710
          9.968	 -2.710
          9.972	 -2.690
          9.976	 -2.710
          9.980	 -2.705
          9.984	 -2.665
          9.988	 -2.605
          9.992	 -2.610
          9.996	 -2.605
