          0.000	 15.575
          0.004	 15.575
          0.008	 15.600
          0.012	 15.592
          0.016	 15.575
          0.020	 15.558
          0.024	 15.558
          0.028	 15.600
          0.032	 15.575
          0.036	 15.592
          0.040	 15.600
          0.044	 15.600
          0.048	 15.592
          0.052	 15.600
          0.056	 15.533
          0.060	 15.600
          0.064	 15.600
          0.068	 15.617
          0.072	 15.600
          0.076	 15.558
          0.080	 15.575
          0.084	 15.592
          0.088	 15.600
          0.092	 15.600
          0.096	 15.558
          0.100	 15.592
          0.104	 15.600
          0.108	 15.600
          0.112	 15.592
          0.116	 15.617
          0.120	 15.617
          0.124	 15.625
          0.128	 15.633
          0.132	 15.633
          0.136	 15.642
          0.140	 15.642
          0.144	 15.667
          0.148	 15.675
          0.152	 15.700
          0.156	 15.700
          0.160	 15.708
          0.164	 15.742
          0.168	 15.742
          0.172	 15.767
          0.176	 15.775
          0.180	 15.817
          0.184	 15.817
          0.188	 15.833
          0.192	 15.817
          0.196	 15.817
          0.200	 15.817
          0.204	 15.817
          0.208	 15.792
          0.212	 15.767
          0.216	 15.725
          0.220	 15.692
          0.224	 15.633
          0.228	 15.633
          0.232	 15.617
          0.236	 15.600
          0.240	 15.558
          0.244	 15.517
          0.248	 15.517
          0.252	 15.517
          0.256	 15.475
          0.260	 15.458
          0.264	 15.458
          0.268	 15.458
          0.272	 15.450
          0.276	 15.458
          0.280	 15.433
          0.284	 15.433
          0.288	 15.433
          0.292	 15.433
          0.296	 15.433
          0.300	 15.433
          0.304	 15.425
          0.308	 15.400
          0.312	 15.433
          0.316	 15.433
          0.320	 15.400
          0.324	 15.433
          0.328	 15.433
          0.332	 15.433
          0.336	 15.450
          0.340	 15.425
          0.344	 15.433
          0.348	 15.433
          0.352	 15.425
          0.356	 15.433
          0.360	 15.433
          0.364	 15.433
          0.368	 15.433
          0.372	 15.433
          0.376	 15.433
          0.380	 15.433
          0.384	 15.425
          0.388	 15.433
          0.392	 15.433
          0.396	 15.433
          0.400	 15.433
          0.404	 15.433
          0.408	 15.433
          0.412	 15.400
          0.416	 15.425
          0.420	 15.433
          0.424	 15.433
          0.428	 15.433
          0.432	 15.400
          0.436	 15.433
          0.440	 15.400
          0.444	 15.425
          0.448	 15.425
          0.452	 15.375
          0.456	 15.400
          0.460	 15.433
          0.464	 15.400
          0.468	 15.425
          0.472	 15.400
          0.476	 15.400
          0.480	 15.400
          0.484	 15.400
          0.488	 15.400
          0.492	 15.375
          0.496	 15.375
          0.500	 15.400
          0.504	 15.400
          0.508	 15.400
          0.512	 15.400
          0.516	 15.400
          0.520	 15.392
          0.524	 15.375
          0.528	 15.400
          0.532	 15.400
          0.536	 15.400
          0.540	 15.400
          0.544	 15.392
          0.548	 15.375
          0.552	 15.392
          0.556	 15.392
          0.560	 15.375
          0.564	 15.375
          0.568	 15.375
          0.572	 15.400
          0.576	 15.375
          0.580	 15.358
          0.584	 15.392
          0.588	 15.392
          0.592	 15.375
          0.596	 15.400
          0.600	 15.358
          0.604	 15.375
          0.608	 15.375
          0.612	 15.375
          0.616	 15.392
          0.620	 15.375
          0.624	 15.375
          0.628	 15.400
          0.632	 15.392
          0.636	 15.375
          0.640	 15.367
          0.644	 15.375
          0.648	 15.392
          0.652	 15.392
          0.656	 15.375
          0.660	 15.392
          0.664	 15.392
          0.668	 15.392
          0.672	 15.367
          0.676	 15.375
          0.680	 15.392
          0.684	 15.392
          0.688	 15.375
          0.692	 15.400
          0.696	 15.400
          0.700	 15.375
          0.704	 15.375
          0.708	 15.392
          0.712	 15.392
          0.716	 15.375
          0.720	 15.375
          0.724	 15.392
          0.728	 15.392
          0.732	 15.367
          0.736	 15.375
          0.740	 15.358
          0.744	 15.392
          0.748	 15.350
          0.752	 15.375
          0.756	 15.400
          0.760	 15.400
          0.764	 15.400
          0.768	 15.350
          0.772	 15.400
          0.776	 15.392
          0.780	 15.400
          0.784	 15.400
          0.788	 15.400
          0.792	 15.425
          0.796	 15.433
          0.800	 15.433
          0.804	 15.433
          0.808	 15.433
          0.812	 15.433
          0.816	 15.433
          0.820	 15.433
          0.824	 15.392
          0.828	 15.400
          0.832	 15.425
          0.836	 15.433
          0.840	 15.425
          0.844	 15.400
          0.848	 15.375
          0.852	 15.375
          0.856	 15.358
          0.860	 15.392
          0.864	 15.375
          0.868	 15.375
          0.872	 15.392
          0.876	 15.358
          0.880	 15.367
          0.884	 15.367
          0.888	 15.392
          0.892	 15.375
          0.896	 15.400
          0.900	 15.400
          0.904	 15.400
          0.908	 15.400
          0.912	 15.400
          0.916	 15.400
          0.920	 15.400
          0.924	 15.400
          0.928	 15.425
          0.932	 15.400
          0.936	 15.300
          0.940	 15.358
          0.944	 15.425
          0.948	 15.517
          0.952	 15.600
          0.956	 15.667
          0.960	 15.725
          0.964	 15.792
          0.968	 15.875
          0.972	 16.017
          0.976	 16.225
          0.980	 16.367
          0.984	 16.325
          0.988	 16.125
          0.992	 15.750
          0.996	 15.375
          1.000	 15.150
          1.004	 15.083
          1.008	 15.200
          1.012	 15.325
          1.016	 15.450
          1.020	 15.500
          1.024	 15.558
          1.028	 15.558
          1.032	 15.558
          1.036	 15.558
          1.040	 15.558
          1.044	 15.558
          1.048	 15.542
          1.052	 15.542
          1.056	 15.542
          1.060	 15.558
          1.064	 15.558
          1.068	 15.558
          1.072	 15.558
          1.076	 15.558
          1.080	 15.558
          1.084	 15.558
          1.088	 15.558
          1.092	 15.558
          1.096	 15.558
          1.100	 15.558
          1.104	 15.525
          1.108	 15.558
          1.112	 15.558
          1.116	 15.575
          1.120	 15.558
          1.124	 15.517
          1.128	 15.542
          1.132	 15.542
          1.136	 15.558
          1.140	 15.558
          1.144	 15.558
          1.148	 15.558
          1.152	 15.558
          1.156	 15.558
          1.160	 15.558
          1.164	 15.558
          1.168	 15.558
          1.172	 15.558
          1.176	 15.558
          1.180	 15.558
          1.184	 15.558
          1.188	 15.558
          1.192	 15.558
          1.196	 15.558
          1.200	 15.575
          1.204	 15.575
          1.208	 15.617
          1.212	 15.600
          1.216	 15.617
          1.220	 15.617
          1.224	 15.633
          1.228	 15.633
          1.232	 15.667
          1.236	 15.692
          1.240	 15.700
          1.244	 15.700
          1.248	 15.700
          1.252	 15.742
          1.256	 15.742
          1.260	 15.767
          1.264	 15.767
          1.268	 15.775
          1.272	 15.833
          1.276	 15.775
          1.280	 15.775
          1.284	 15.767
          1.288	 15.750
          1.292	 15.692
          1.296	 15.708
          1.300	 15.667
          1.304	 15.633
          1.308	 15.600
          1.312	 15.558
          1.316	 15.533
          1.320	 15.525
          1.324	 15.500
          1.328	 15.475
          1.332	 15.458
          1.336	 15.458
          1.340	 15.458
          1.344	 15.467
          1.348	 15.458
          1.352	 15.458
          1.356	 15.458
          1.360	 15.458
          1.364	 15.458
          1.368	 15.433
          1.372	 15.433
          1.376	 15.433
          1.380	 15.433
          1.384	 15.433
          1.388	 15.425
          1.392	 15.425
          1.396	 15.433
          1.400	 15.392
          1.404	 15.450
          1.408	 15.433
          1.412	 15.433
          1.416	 15.433
          1.420	 15.433
          1.424	 15.450
          1.428	 15.433
          1.432	 15.433
          1.436	 15.433
          1.440	 15.450
          1.444	 15.458
          1.448	 15.458
          1.452	 15.458
          1.456	 15.450
          1.460	 15.400
          1.464	 15.433
          1.468	 15.433
          1.472	 15.433
          1.476	 15.433
          1.480	 15.400
          1.484	 15.433
          1.488	 15.425
          1.492	 15.400
          1.496	 15.425
          1.500	 15.400
          1.504	 15.400
          1.508	 15.400
          1.512	 15.400
          1.516	 15.400
          1.520	 15.392
          1.524	 15.400
          1.528	 15.400
          1.532	 15.400
          1.536	 15.425
          1.540	 15.433
          1.544	 15.425
          1.548	 15.400
          1.552	 15.400
          1.556	 15.400
          1.560	 15.400
          1.564	 15.400
          1.568	 15.400
          1.572	 15.400
          1.576	 15.400
          1.580	 15.400
          1.584	 15.392
          1.588	 15.400
          1.592	 15.400
          1.596	 15.375
          1.600	 15.425
          1.604	 15.400
          1.608	 15.400
          1.612	 15.400
          1.616	 15.375
          1.620	 15.400
          1.624	 15.400
          1.628	 15.358
          1.632	 15.375
          1.636	 15.375
          1.640	 15.375
          1.644	 15.392
          1.648	 15.358
          1.652	 15.400
          1.656	 15.400
          1.660	 15.375
          1.664	 15.400
          1.668	 15.375
          1.672	 15.400
          1.676	 15.400
          1.680	 15.375
          1.684	 15.375
          1.688	 15.392
          1.692	 15.400
          1.696	 15.375
          1.700	 15.375
          1.704	 15.392
          1.708	 15.375
          1.712	 15.400
          1.716	 15.375
          1.720	 15.392
          1.724	 15.375
          1.728	 15.400
          1.732	 15.400
          1.736	 15.400
          1.740	 15.400
          1.744	 15.400
          1.748	 15.400
          1.752	 15.400
          1.756	 15.400
          1.760	 15.400
          1.764	 15.400
          1.768	 15.400
          1.772	 15.392
          1.776	 15.400
          1.780	 15.400
          1.784	 15.400
          1.788	 15.400
          1.792	 15.400
          1.796	 15.392
          1.800	 15.400
          1.804	 15.400
          1.808	 15.400
          1.812	 15.400
          1.816	 15.392
          1.820	 15.400
          1.824	 15.400
          1.828	 15.433
          1.832	 15.425
          1.836	 15.425
          1.840	 15.450
          1.844	 15.458
          1.848	 15.467
          1.852	 15.475
          1.856	 15.467
          1.860	 15.458
          1.864	 15.433
          1.868	 15.425
          1.872	 15.425
          1.876	 15.433
          1.880	 15.450
          1.884	 15.433
          1.888	 15.425
          1.892	 15.433
          1.896	 15.400
          1.900	 15.375
          1.904	 15.400
          1.908	 15.400
          1.912	 15.425
          1.916	 15.433
          1.920	 15.400
          1.924	 15.375
          1.928	 15.425
          1.932	 15.425
          1.936	 15.400
          1.940	 15.425
          1.944	 15.400
          1.948	 15.433
          1.952	 15.425
          1.956	 15.433
          1.960	 15.433
          1.964	 15.450
          1.968	 15.458
          1.972	 15.433
          1.976	 15.400
          1.980	 15.392
          1.984	 15.367
          1.988	 15.475
          1.992	 15.558
          1.996	 15.633
          2.000	 15.725
          2.004	 15.817
          2.008	 15.817
          2.012	 15.900
          2.016	 16.017
          2.020	 16.192
          2.024	 16.317
          2.028	 16.317
          2.032	 16.108
          2.036	 15.767
          2.040	 15.400
          2.044	 15.150
          2.048	 15.092
          2.052	 15.175
          2.056	 15.317
          2.060	 15.458
          2.064	 15.525
          2.068	 15.592
          2.072	 15.600
          2.076	 15.617
          2.080	 15.592
          2.084	 15.600
          2.088	 15.600
          2.092	 15.600
          2.096	 15.592
          2.100	 15.600
          2.104	 15.617
          2.108	 15.600
          2.112	 15.600
          2.116	 15.617
          2.120	 15.617
          2.124	 15.617
          2.128	 15.617
          2.132	 15.617
          2.136	 15.617
          2.140	 15.617
          2.144	 15.600
          2.148	 15.617
          2.152	 15.558
          2.156	 15.617
          2.160	 15.600
          2.164	 15.617
          2.168	 15.617
          2.172	 15.592
          2.176	 15.625
          2.180	 15.633
          2.184	 15.633
          2.188	 15.625
          2.192	 15.617
          2.196	 15.617
          2.200	 15.617
          2.204	 15.625
          2.208	 15.617
          2.212	 15.617
          2.216	 15.633
          2.220	 15.625
          2.224	 15.617
          2.228	 15.625
          2.232	 15.633
          2.236	 15.633
          2.240	 15.625
          2.244	 15.633
          2.248	 15.642
          2.252	 15.667
          2.256	 15.675
          2.260	 15.667
          2.264	 15.700
          2.268	 15.692
          2.272	 15.708
          2.276	 15.742
          2.280	 15.725
          2.284	 15.767
          2.288	 15.775
          2.292	 15.792
          2.296	 15.817
          2.300	 15.833
          2.304	 15.817
          2.308	 15.842
          2.312	 15.850
          2.316	 15.850
          2.320	 15.900
          2.324	 15.850
          2.328	 15.817
          2.332	 15.792
          2.336	 15.775
          2.340	 15.692
          2.344	 15.700
          2.348	 15.667
          2.352	 15.625
          2.356	 15.617
          2.360	 15.558
          2.364	 15.558
          2.368	 15.542
          2.372	 15.517
          2.376	 15.500
          2.380	 15.475
          2.384	 15.475
          2.388	 15.475
          2.392	 15.500
          2.396	 15.458
          2.400	 15.467
          2.404	 15.475
          2.408	 15.500
          2.412	 15.467
          2.416	 15.458
          2.420	 15.475
          2.424	 15.458
          2.428	 15.467
          2.432	 15.467
          2.436	 15.458
          2.440	 15.500
          2.444	 15.475
          2.448	 15.458
          2.452	 15.475
          2.456	 15.467
          2.460	 15.467
          2.464	 15.458
          2.468	 15.475
          2.472	 15.500
          2.476	 15.475
          2.480	 15.458
          2.484	 15.500
          2.488	 15.500
          2.492	 15.475
          2.496	 15.475
          2.500	 15.500
          2.504	 15.500
          2.508	 15.433
          2.512	 15.467
          2.516	 15.475
          2.520	 15.500
          2.524	 15.475
          2.528	 15.450
          2.532	 15.475
          2.536	 15.500
          2.540	 15.500
          2.544	 15.458
          2.548	 15.458
          2.552	 15.500
          2.556	 15.458
          2.560	 15.450
          2.564	 15.450
          2.568	 15.450
          2.572	 15.458
          2.576	 15.458
          2.580	 15.458
          2.584	 15.458
          2.588	 15.458
          2.592	 15.458
          2.596	 15.458
          2.600	 15.458
          2.604	 15.458
          2.608	 15.450
          2.612	 15.458
          2.616	 15.433
          2.620	 15.458
          2.624	 15.458
          2.628	 15.458
          2.632	 15.450
          2.636	 15.458
          2.640	 15.458
          2.644	 15.458
          2.648	 15.458
          2.652	 15.458
          2.656	 15.450
          2.660	 15.458
          2.664	 15.450
          2.668	 15.433
          2.672	 15.458
          2.676	 15.400
          2.680	 15.458
          2.684	 15.458
          2.688	 15.458
          2.692	 15.458
          2.696	 15.400
          2.700	 15.458
          2.704	 15.433
          2.708	 15.458
          2.712	 15.450
          2.716	 15.450
          2.720	 15.458
          2.724	 15.458
          2.728	 15.433
          2.732	 15.450
          2.736	 15.450
          2.740	 15.458
          2.744	 15.458
          2.748	 15.450
          2.752	 15.458
          2.756	 15.450
          2.760	 15.458
          2.764	 15.458
          2.768	 15.458
          2.772	 15.458
          2.776	 15.458
          2.780	 15.458
          2.784	 15.458
          2.788	 15.458
          2.792	 15.458
          2.796	 15.458
          2.800	 15.467
          2.804	 15.433
          2.808	 15.458
          2.812	 15.467
          2.816	 15.458
          2.820	 15.458
          2.824	 15.458
          2.828	 15.475
          2.832	 15.475
          2.836	 15.458
          2.840	 15.458
          2.844	 15.475
          2.848	 15.458
          2.852	 15.475
          2.856	 15.500
          2.860	 15.458
          2.864	 15.400
          2.868	 15.458
          2.872	 15.458
          2.876	 15.458
          2.880	 15.458
          2.884	 15.450
          2.888	 15.500
          2.892	 15.467
          2.896	 15.475
          2.900	 15.500
          2.904	 15.500
          2.908	 15.475
          2.912	 15.517
          2.916	 15.500
          2.920	 15.500
          2.924	 15.533
          2.928	 15.525
          2.932	 15.517
          2.936	 15.517
          2.940	 15.467
          2.944	 15.517
          2.948	 15.517
          2.952	 15.517
          2.956	 15.475
          2.960	 15.467
          2.964	 15.475
          2.968	 15.458
          2.972	 15.458
          2.976	 15.458
          2.980	 15.450
          2.984	 15.500
          2.988	 15.475
          2.992	 15.467
          2.996	 15.475
          3.000	 15.475
          3.004	 15.458
          3.008	 15.458
          3.012	 15.475
          3.016	 15.500
          3.020	 15.475
          3.024	 15.475
          3.028	 15.475
          3.032	 15.458
          3.036	 15.500
          3.040	 15.475
          3.044	 15.475
          3.048	 15.458
          3.052	 15.400
          3.056	 15.450
          3.060	 15.517
          3.064	 15.600
          3.068	 15.692
          3.072	 15.775
          3.076	 15.842
          3.080	 15.908
          3.084	 15.975
          3.088	 16.108
          3.092	 16.275
          3.096	 16.417
          3.100	 16.383
          3.104	 16.175
          3.108	 15.817
          3.112	 15.425
          3.116	 15.175
          3.120	 15.142
          3.124	 15.283
          3.128	 15.400
          3.132	 15.542
          3.136	 15.592
          3.140	 15.633
          3.144	 15.633
          3.148	 15.633
          3.152	 15.625
          3.156	 15.633
          3.160	 15.633
          3.164	 15.633
          3.168	 15.625
          3.172	 15.633
          3.176	 15.633
          3.180	 15.633
          3.184	 15.633
          3.188	 15.633
          3.192	 15.633
          3.196	 15.633
          3.200	 15.600
          3.204	 15.633
          3.208	 15.633
          3.212	 15.642
          3.216	 15.642
          3.220	 15.617
          3.224	 15.633
          3.228	 15.633
          3.232	 15.667
          3.236	 15.633
          3.240	 15.633
          3.244	 15.667
          3.248	 15.642
          3.252	 15.633
          3.256	 15.633
          3.260	 15.633
          3.264	 15.633
          3.268	 15.633
          3.272	 15.642
          3.276	 15.633
          3.280	 15.633
          3.284	 15.633
          3.288	 15.633
          3.292	 15.633
          3.296	 15.633
          3.300	 15.633
          3.304	 15.667
          3.308	 15.667
          3.312	 15.667
          3.316	 15.667
          3.320	 15.700
          3.324	 15.692
          3.328	 15.667
          3.332	 15.700
          3.336	 15.708
          3.340	 15.742
          3.344	 15.742
          3.348	 15.767
          3.352	 15.767
          3.356	 15.817
          3.360	 15.792
          3.364	 15.833
          3.368	 15.867
          3.372	 15.867
          3.376	 15.875
          3.380	 15.900
          3.384	 15.908
          3.388	 15.942
          3.392	 15.875
          3.396	 15.867
          3.400	 15.842
          3.404	 15.833
          3.408	 15.833
          3.412	 15.767
          3.416	 15.708
          3.420	 15.692
          3.424	 15.642
          3.428	 15.617
          3.432	 15.600
          3.436	 15.575
          3.440	 15.558
          3.444	 15.533
          3.448	 15.517
          3.452	 15.517
          3.456	 15.517
          3.460	 15.517
          3.464	 15.517
          3.468	 15.475
          3.472	 15.467
          3.476	 15.500
          3.480	 15.500
          3.484	 15.458
          3.488	 15.458
          3.492	 15.467
          3.496	 15.458
          3.500	 15.467
          3.504	 15.467
          3.508	 15.475
          3.512	 15.458
          3.516	 15.450
          3.520	 15.467
          3.524	 15.467
          3.528	 15.500
          3.532	 15.467
          3.536	 15.475
          3.540	 15.475
          3.544	 15.467
          3.548	 15.475
          3.552	 15.458
          3.556	 15.433
          3.560	 15.500
          3.564	 15.500
          3.568	 15.475
          3.572	 15.500
          3.576	 15.458
          3.580	 15.475
          3.584	 15.467
          3.588	 15.475
          3.592	 15.500
          3.596	 15.475
          3.600	 15.467
          3.604	 15.475
          3.608	 15.475
          3.612	 15.467
          3.616	 15.458
          3.620	 15.458
          3.624	 15.458
          3.628	 15.458
          3.632	 15.458
          3.636	 15.458
          3.640	 15.458
          3.644	 15.433
          3.648	 15.458
          3.652	 15.433
          3.656	 15.433
          3.660	 15.433
          3.664	 15.425
          3.668	 15.433
          3.672	 15.433
          3.676	 15.433
          3.680	 15.433
          3.684	 15.433
          3.688	 15.433
          3.692	 15.433
          3.696	 15.433
          3.700	 15.433
          3.704	 15.433
          3.708	 15.433
          3.712	 15.433
          3.716	 15.433
          3.720	 15.433
          3.724	 15.425
          3.728	 15.425
          3.732	 15.433
          3.736	 15.433
          3.740	 15.425
          3.744	 15.375
          3.748	 15.433
          3.752	 15.400
          3.756	 15.400
          3.760	 15.400
          3.764	 15.425
          3.768	 15.400
          3.772	 15.400
          3.776	 15.433
          3.780	 15.433
          3.784	 15.400
          3.788	 15.400
          3.792	 15.400
          3.796	 15.400
          3.800	 15.425
          3.804	 15.450
          3.808	 15.450
          3.812	 15.433
          3.816	 15.433
          3.820	 15.433
          3.824	 15.425
          3.828	 15.433
          3.832	 15.433
          3.836	 15.425
          3.840	 15.425
          3.844	 15.433
          3.848	 15.400
          3.852	 15.400
          3.856	 15.433
          3.860	 15.433
          3.864	 15.433
          3.868	 15.425
          3.872	 15.433
          3.876	 15.400
          3.880	 15.400
          3.884	 15.425
          3.888	 15.425
          3.892	 15.433
          3.896	 15.433
          3.900	 15.433
          3.904	 15.433
          3.908	 15.433
          3.912	 15.400
          3.916	 15.433
          3.920	 15.433
          3.924	 15.433
          3.928	 15.425
          3.932	 15.392
          3.936	 15.425
          3.940	 15.433
          3.944	 15.433
          3.948	 15.433
          3.952	 15.425
          3.956	 15.450
          3.960	 15.433
          3.964	 15.433
          3.968	 15.450
          3.972	 15.433
          3.976	 15.458
          3.980	 15.450
          3.984	 15.458
          3.988	 15.433
          3.992	 15.458
          3.996	 15.458
          4.000	 15.467
          4.004	 15.475
          4.008	 15.500
          4.012	 15.500
          4.016	 15.450
          4.020	 15.433
          4.024	 15.458
          4.028	 15.458
          4.032	 15.467
          4.036	 15.458
          4.040	 15.433
          4.044	 15.433
          4.048	 15.400
          4.052	 15.400
          4.056	 15.400
          4.060	 15.425
          4.064	 15.433
          4.068	 15.433
          4.072	 15.450
          4.076	 15.433
          4.080	 15.375
          4.084	 15.433
          4.088	 15.433
          4.092	 15.433
          4.096	 15.425
          4.100	 15.375
          4.104	 15.433
          4.108	 15.433
          4.112	 15.425
          4.116	 15.433
          4.120	 15.433
          4.124	 15.433
          4.128	 15.400
          4.132	 15.400
          4.136	 15.400
          4.140	 15.458
          4.144	 15.542
          4.148	 15.642
          4.152	 15.708
          4.156	 15.792
          4.160	 15.833
          4.164	 15.942
          4.168	 16.075
          4.172	 16.275
          4.176	 16.417
          4.180	 16.383
          4.184	 16.217
          4.188	 15.867
          4.192	 15.458
          4.196	 15.175
          4.200	 15.092
          4.204	 15.175
          4.208	 15.300
          4.212	 15.433
          4.216	 15.500
          4.220	 15.558
          4.224	 15.600
          4.228	 15.617
          4.232	 15.617
          4.236	 15.617
          4.240	 15.617
          4.244	 15.592
          4.248	 15.600
          4.252	 15.592
          4.256	 15.592
          4.260	 15.600
          4.264	 15.600
          4.268	 15.575
          4.272	 15.600
          4.276	 15.600
          4.280	 15.600
          4.284	 15.600
          4.288	 15.575
          4.292	 15.600
          4.296	 15.600
          4.300	 15.600
          4.304	 15.592
          4.308	 15.600
          4.312	 15.617
          4.316	 15.617
          4.320	 15.592
          4.324	 15.617
          4.328	 15.600
          4.332	 15.600
          4.336	 15.575
          4.340	 15.575
          4.344	 15.558
          4.348	 15.592
          4.352	 15.592
          4.356	 15.600
          4.360	 15.600
          4.364	 15.600
          4.368	 15.617
          4.372	 15.617
          4.376	 15.600
          4.380	 15.592
          4.384	 15.575
          4.388	 15.617
          4.392	 15.617
          4.396	 15.625
          4.400	 15.617
          4.404	 15.617
          4.408	 15.625
          4.412	 15.633
          4.416	 15.633
          4.420	 15.667
          4.424	 15.667
          4.428	 15.667
          4.432	 15.692
          4.436	 15.667
          4.440	 15.708
          4.444	 15.725
          4.448	 15.750
          4.452	 15.767
          4.456	 15.817
          4.460	 15.792
          4.464	 15.792
          4.468	 15.792
          4.472	 15.800
          4.476	 15.817
          4.480	 15.775
          4.484	 15.767
          4.488	 15.708
          4.492	 15.692
          4.496	 15.617
          4.500	 15.617
          4.504	 15.600
          4.508	 15.558
          4.512	 15.542
          4.516	 15.533
          4.520	 15.517
          4.524	 15.500
          4.528	 15.467
          4.532	 15.458
          4.536	 15.450
          4.540	 15.433
          4.544	 15.400
          4.548	 15.400
          4.552	 15.400
          4.556	 15.433
          4.560	 15.425
          4.564	 15.433
          4.568	 15.433
          4.572	 15.433
          4.576	 15.400
          4.580	 15.400
          4.584	 15.400
          4.588	 15.400
          4.592	 15.400
          4.596	 15.433
          4.600	 15.433
          4.604	 15.392
          4.608	 15.400
          4.612	 15.400
          4.616	 15.425
          4.620	 15.433
          4.624	 15.375
          4.628	 15.433
          4.632	 15.433
          4.636	 15.450
          4.640	 15.450
          4.644	 15.433
          4.648	 15.450
          4.652	 15.450
          4.656	 15.450
          4.660	 15.458
          4.664	 15.425
          4.668	 15.433
          4.672	 15.433
          4.676	 15.433
          4.680	 15.400
          4.684	 15.400
          4.688	 15.400
          4.692	 15.400
          4.696	 15.400
          4.700	 15.400
          4.704	 15.425
          4.708	 15.425
          4.712	 15.400
          4.716	 15.433
          4.720	 15.425
          4.724	 15.400
          4.728	 15.392
          4.732	 15.358
          4.736	 15.375
          4.740	 15.375
          4.744	 15.400
          4.748	 15.400
          4.752	 15.392
          4.756	 15.400
          4.760	 15.392
          4.764	 15.375
          4.768	 15.375
          4.772	 15.392
          4.776	 15.392
          4.780	 15.392
          4.784	 15.375
          4.788	 15.375
          4.792	 15.325
          4.796	 15.375
          4.800	 15.375
          4.804	 15.375
          4.808	 15.375
          4.812	 15.358
          4.816	 15.367
          4.820	 15.375
          4.824	 15.367
          4.828	 15.392
          4.832	 15.367
          4.836	 15.375
          4.840	 15.392
          4.844	 15.392
          4.848	 15.375
          4.852	 15.392
          4.856	 15.392
          4.860	 15.375
          4.864	 15.367
          4.868	 15.375
          4.872	 15.392
          4.876	 15.392
          4.880	 15.367
          4.884	 15.375
          4.888	 15.392
          4.892	 15.392
          4.896	 15.375
          4.900	 15.375
          4.904	 15.392
          4.908	 15.392
          4.912	 15.375
          4.916	 15.375
          4.920	 15.392
          4.924	 15.392
          4.928	 15.375
          4.932	 15.375
          4.936	 15.392
          4.940	 15.400
          4.944	 15.375
          4.948	 15.375
          4.952	 15.392
          4.956	 15.375
          4.960	 15.358
          4.964	 15.375
          4.968	 15.392
          4.972	 15.375
          4.976	 15.367
          4.980	 15.358
          4.984	 15.392
          4.988	 15.375
          4.992	 15.375
          4.996	 15.375
          5.000	 15.392
          5.004	 15.392
          5.008	 15.400
          5.012	 15.375
          5.016	 15.392
          5.020	 15.392
          5.024	 15.375
          5.028	 15.375
          5.032	 15.400
          5.036	 15.400
          5.040	 15.400
          5.044	 15.375
          5.048	 15.400
          5.052	 15.425
          5.056	 15.433
          5.060	 15.458
          5.064	 15.458
          5.068	 15.433
          5.072	 15.400
          5.076	 15.375
          5.080	 15.400
          5.084	 15.400
          5.088	 15.425
          5.092	 15.400
          5.096	 15.400
          5.100	 15.375
          5.104	 15.375
          5.108	 15.375
          5.112	 15.358
          5.116	 15.375
          5.120	 15.375
          5.124	 15.375
          5.128	 15.358
          5.132	 15.392
          5.136	 15.367
          5.140	 15.375
          5.144	 15.392
          5.148	 15.358
          5.152	 15.375
          5.156	 15.400
          5.160	 15.400
          5.164	 15.400
          5.168	 15.400
          5.172	 15.400
          5.176	 15.425
          5.180	 15.400
          5.184	 15.367
          5.188	 15.358
          5.192	 15.358
          5.196	 15.433
          5.200	 15.525
          5.204	 15.592
          5.208	 15.700
          5.212	 15.767
          5.216	 15.792
          5.220	 15.867
          5.224	 15.975
          5.228	 16.125
          5.232	 16.317
          5.236	 16.325
          5.240	 16.225
          5.244	 15.950
          5.248	 15.575
          5.252	 15.225
          5.256	 15.067
          5.260	 15.125
          5.264	 15.250
          5.268	 15.375
          5.272	 15.458
          5.276	 15.525
          5.280	 15.558
          5.284	 15.558
          5.288	 15.558
          5.292	 15.542
          5.296	 15.558
          5.300	 15.558
          5.304	 15.533
          5.308	 15.558
          5.312	 15.558
          5.316	 15.533
          5.320	 15.542
          5.324	 15.542
          5.328	 15.558
          5.332	 15.558
          5.336	 15.542
          5.340	 15.575
          5.344	 15.575
          5.348	 15.558
          5.352	 15.558
          5.356	 15.542
          5.360	 15.558
          5.364	 15.542
          5.368	 15.592
          5.372	 15.558
          5.376	 15.558
          5.380	 15.558
          5.384	 15.558
          5.388	 15.558
          5.392	 15.558
          5.396	 15.558
          5.400	 15.542
          5.404	 15.558
          5.408	 15.575
          5.412	 15.558
          5.416	 15.600
          5.420	 15.558
          5.424	 15.558
          5.428	 15.558
          5.432	 15.592
          5.436	 15.592
          5.440	 15.592
          5.444	 15.558
          5.448	 15.600
          5.452	 15.600
          5.456	 15.600
          5.460	 15.617
          5.464	 15.617
          5.468	 15.617
          5.472	 15.617
          5.476	 15.633
          5.480	 15.642
          5.484	 15.617
          5.488	 15.675
          5.492	 15.692
          5.496	 15.708
          5.500	 15.742
          5.504	 15.792
          5.508	 15.767
          5.512	 15.800
          5.516	 15.792
          5.520	 15.817
          5.524	 15.817
          5.528	 15.817
          5.532	 15.792
          5.536	 15.767
          5.540	 15.742
          5.544	 15.708
          5.548	 15.667
          5.552	 15.642
          5.556	 15.600
          5.560	 15.600
          5.564	 15.558
          5.568	 15.542
          5.572	 15.517
          5.576	 15.517
          5.580	 15.500
          5.584	 15.475
          5.588	 15.467
          5.592	 15.433
          5.596	 15.450
          5.600	 15.450
          5.604	 15.458
          5.608	 15.433
          5.612	 15.392
          5.616	 15.433
          5.620	 15.433
          5.624	 15.433
          5.628	 15.433
          5.632	 15.433
          5.636	 15.400
          5.640	 15.425
          5.644	 15.450
          5.648	 15.450
          5.652	 15.433
          5.656	 15.433
          5.660	 15.433
          5.664	 15.467
          5.668	 15.458
          5.672	 15.400
          5.676	 15.450
          5.680	 15.458
          5.684	 15.458
          5.688	 15.458
          5.692	 15.433
          5.696	 15.467
          5.700	 15.458
          5.704	 15.458
          5.708	 15.458
          5.712	 15.450
          5.716	 15.458
          5.720	 15.458
          5.724	 15.458
          5.728	 15.458
          5.732	 15.458
          5.736	 15.458
          5.740	 15.458
          5.744	 15.458
          5.748	 15.458
          5.752	 15.458
          5.756	 15.450
          5.760	 15.433
          5.764	 15.433
          5.768	 15.433
          5.772	 15.433
          5.776	 15.433
          5.780	 15.433
          5.784	 15.433
          5.788	 15.433
          5.792	 15.425
          5.796	 15.433
          5.800	 15.433
          5.804	 15.433
          5.808	 15.425
          5.812	 15.433
          5.816	 15.433
          5.820	 15.433
          5.824	 15.433
          5.828	 15.425
          5.832	 15.433
          5.836	 15.425
          5.840	 15.375
          5.844	 15.433
          5.848	 15.433
          5.852	 15.425
          5.856	 15.425
          5.860	 15.375
          5.864	 15.433
          5.868	 15.425
          5.872	 15.450
          5.876	 15.433
          5.880	 15.375
          5.884	 15.400
          5.888	 15.400
          5.892	 15.433
          5.896	 15.400
          5.900	 15.392
          5.904	 15.400
          5.908	 15.400
          5.912	 15.400
          5.916	 15.400
          5.920	 15.425
          5.924	 15.433
          5.928	 15.400
          5.932	 15.400
          5.936	 15.392
          5.940	 15.433
          5.944	 15.425
          5.948	 15.433
          5.952	 15.425
          5.956	 15.433
          5.960	 15.425
          5.964	 15.425
          5.968	 15.425
          5.972	 15.433
          5.976	 15.425
          5.980	 15.433
          5.984	 15.425
          5.988	 15.433
          5.992	 15.400
          5.996	 15.400
          6.000	 15.400
          6.004	 15.400
          6.008	 15.392
          6.012	 15.433
          6.016	 15.425
          6.020	 15.425
          6.024	 15.425
          6.028	 15.392
          6.032	 15.425
          6.036	 15.433
          6.040	 15.433
          6.044	 15.433
          6.048	 15.400
          6.052	 15.433
          6.056	 15.400
          6.060	 15.425
          6.064	 15.433
          6.068	 15.400
          6.072	 15.400
          6.076	 15.433
          6.080	 15.425
          6.084	 15.433
          6.088	 15.433
          6.092	 15.433
          6.096	 15.450
          6.100	 15.458
          6.104	 15.433
          6.108	 15.433
          6.112	 15.450
          6.116	 15.450
          6.120	 15.500
          6.124	 15.500
          6.128	 15.517
          6.132	 15.475
          6.136	 15.433
          6.140	 15.458
          6.144	 15.450
          6.148	 15.450
          6.152	 15.458
          6.156	 15.458
          6.160	 15.450
          6.164	 15.433
          6.168	 15.433
          6.172	 15.400
          6.176	 15.400
          6.180	 15.433
          6.184	 15.425
          6.188	 15.433
          6.192	 15.400
          6.196	 15.375
          6.200	 15.400
          6.204	 15.400
          6.208	 15.433
          6.212	 15.433
          6.216	 15.400
          6.220	 15.433
          6.224	 15.433
          6.228	 15.433
          6.232	 15.433
          6.236	 15.433
          6.240	 15.433
          6.244	 15.433
          6.248	 15.400
          6.252	 15.392
          6.256	 15.375
          6.260	 15.433
          6.264	 15.517
          6.268	 15.600
          6.272	 15.675
          6.276	 15.775
          6.280	 15.833
          6.284	 15.900
          6.288	 15.975
          6.292	 16.150
          6.296	 16.275
          6.300	 16.342
          6.304	 16.242
          6.308	 15.950
          6.312	 15.558
          6.316	 15.225
          6.320	 15.083
          6.324	 15.150
          6.328	 15.292
          6.332	 15.400
          6.336	 15.525
          6.340	 15.558
          6.344	 15.600
          6.348	 15.600
          6.352	 15.592
          6.356	 15.600
          6.360	 15.600
          6.364	 15.542
          6.368	 15.592
          6.372	 15.575
          6.376	 15.600
          6.380	 15.592
          6.384	 15.542
          6.388	 15.592
          6.392	 15.575
          6.396	 15.592
          6.400	 15.592
          6.404	 15.592
          6.408	 15.600
          6.412	 15.592
          6.416	 15.592
          6.420	 15.600
          6.424	 15.600
          6.428	 15.600
          6.432	 15.600
          6.436	 15.575
          6.440	 15.600
          6.444	 15.600
          6.448	 15.592
          6.452	 15.600
          6.456	 15.600
          6.460	 15.600
          6.464	 15.592
          6.468	 15.592
          6.472	 15.600
          6.476	 15.617
          6.480	 15.617
          6.484	 15.592
          6.488	 15.600
          6.492	 15.592
          6.496	 15.592
          6.500	 15.600
          6.504	 15.600
          6.508	 15.592
          6.512	 15.617
          6.516	 15.617
          6.520	 15.617
          6.524	 15.617
          6.528	 15.617
          6.532	 15.617
          6.536	 15.667
          6.540	 15.667
          6.544	 15.675
          6.548	 15.692
          6.552	 15.667
          6.556	 15.708
          6.560	 15.725
          6.564	 15.742
          6.568	 15.775
          6.572	 15.800
          6.576	 15.792
          6.580	 15.817
          6.584	 15.817
          6.588	 15.842
          6.592	 15.850
          6.596	 15.817
          6.600	 15.817
          6.604	 15.792
          6.608	 15.767
          6.612	 15.742
          6.616	 15.700
          6.620	 15.667
          6.624	 15.625
          6.628	 15.617
          6.632	 15.558
          6.636	 15.525
          6.640	 15.517
          6.644	 15.517
          6.648	 15.500
          6.652	 15.475
          6.656	 15.458
          6.660	 15.400
          6.664	 15.433
          6.668	 15.433
          6.672	 15.425
          6.676	 15.425
          6.680	 15.425
          6.684	 15.400
          6.688	 15.400
          6.692	 15.433
          6.696	 15.400
          6.700	 15.433
          6.704	 15.400
          6.708	 15.433
          6.712	 15.433
          6.716	 15.425
          6.720	 15.358
          6.724	 15.400
          6.728	 15.400
          6.732	 15.425
          6.736	 15.400
          6.740	 15.375
          6.744	 15.400
          6.748	 15.425
          6.752	 15.400
          6.756	 15.433
          6.760	 15.425
          6.764	 15.433
          6.768	 15.425
          6.772	 15.433
          6.776	 15.433
          6.780	 15.433
          6.784	 15.433
          6.788	 15.433
          6.792	 15.433
          6.796	 15.433
          6.800	 15.425
          6.804	 15.433
          6.808	 15.400
          6.812	 15.425
          6.816	 15.400
          6.820	 15.433
          6.824	 15.400
          6.828	 15.425
          6.832	 15.400
          6.836	 15.400
          6.840	 15.425
          6.844	 15.400
          6.848	 15.425
          6.852	 15.400
          6.856	 15.400
          6.860	 15.400
          6.864	 15.400
          6.868	 15.400
          6.872	 15.400
          6.876	 15.425
          6.880	 15.400
          6.884	 15.400
          6.888	 15.358
          6.892	 15.400
          6.896	 15.375
          6.900	 15.400
          6.904	 15.400
          6.908	 15.358
          6.912	 15.375
          6.916	 15.375
          6.920	 15.400
          6.924	 15.400
          6.928	 15.367
          6.932	 15.400
          6.936	 15.392
          6.940	 15.375
          6.944	 15.375
          6.948	 15.375
          6.952	 15.392
          6.956	 15.392
          6.960	 15.375
          6.964	 15.375
          6.968	 15.392
          6.972	 15.375
          6.976	 15.367
          6.980	 15.392
          6.984	 15.392
          6.988	 15.392
          6.992	 15.375
          6.996	 15.375
          7.000	 15.392
          7.004	 15.375
          7.008	 15.375
          7.012	 15.375
          7.016	 15.392
          7.020	 15.375
          7.024	 15.375
          7.028	 15.375
          7.032	 15.392
          7.036	 15.392
          7.040	 15.367
          7.044	 15.375
          7.048	 15.392
          7.052	 15.392
          7.056	 15.358
          7.060	 15.375
          7.064	 15.400
          7.068	 15.400
          7.072	 15.400
          7.076	 15.367
          7.080	 15.392
          7.084	 15.392
          7.088	 15.375
          7.092	 15.375
          7.096	 15.392
          7.100	 15.400
          7.104	 15.375
          7.108	 15.375
          7.112	 15.392
          7.116	 15.392
          7.120	 15.375
          7.124	 15.375
          7.128	 15.392
          7.132	 15.375
          7.136	 15.400
          7.140	 15.400
          7.144	 15.400
          7.148	 15.400
          7.152	 15.375
          7.156	 15.392
          7.160	 15.392
          7.164	 15.392
          7.168	 15.400
          7.172	 15.400
          7.176	 15.400
          7.180	 15.400
          7.184	 15.375
          7.188	 15.400
          7.192	 15.433
          7.196	 15.433
          7.200	 15.450
          7.204	 15.450
          7.208	 15.458
          7.212	 15.433
          7.216	 15.400
          7.220	 15.433
          7.224	 15.433
          7.228	 15.433
          7.232	 15.433
          7.236	 15.425
          7.240	 15.400
          7.244	 15.358
          7.248	 15.375
          7.252	 15.375
          7.256	 15.392
          7.260	 15.392
          7.264	 15.358
          7.268	 15.375
          7.272	 15.400
          7.276	 15.400
          7.280	 15.375
          7.284	 15.358
          7.288	 15.392
          7.292	 15.400
          7.296	 15.375
          7.300	 15.400
          7.304	 15.400
          7.308	 15.400
          7.312	 15.400
          7.316	 15.425
          7.320	 15.433
          7.324	 15.392
          7.328	 15.358
          7.332	 15.350
          7.336	 15.392
          7.340	 15.458
          7.344	 15.558
          7.348	 15.633
          7.352	 15.742
          7.356	 15.792
          7.360	 15.850
          7.364	 15.942
          7.368	 16.108
          7.372	 16.275
          7.376	 16.342
          7.380	 16.250
          7.384	 16.000
          7.388	 15.625
          7.392	 15.250
          7.396	 15.092
          7.400	 15.117
          7.404	 15.250
          7.408	 15.375
          7.412	 15.433
          7.416	 15.533
          7.420	 15.558
          7.424	 15.592
          7.428	 15.575
          7.432	 15.533
          7.436	 15.542
          7.440	 15.558
          7.444	 15.542
          7.448	 15.558
          7.452	 15.542
          7.456	 15.558
          7.460	 15.558
          7.464	 15.600
          7.468	 15.558
          7.472	 15.558
          7.476	 15.558
          7.480	 15.558
          7.484	 15.558
          7.488	 15.575
          7.492	 15.558
          7.496	 15.558
          7.500	 15.575
          7.504	 15.558
          7.508	 15.592
          7.512	 15.575
          7.516	 15.592
          7.520	 15.575
          7.524	 15.600
          7.528	 15.600
          7.532	 15.600
          7.536	 15.558
          7.540	 15.558
          7.544	 15.575
          7.548	 15.542
          7.552	 15.575
          7.556	 15.558
          7.560	 15.558
          7.564	 15.575
          7.568	 15.558
          7.572	 15.600
          7.576	 15.575
          7.580	 15.558
          7.584	 15.575
          7.588	 15.600
          7.592	 15.600
          7.596	 15.600
          7.600	 15.558
          7.604	 15.617
          7.608	 15.617
          7.612	 15.625
          7.616	 15.625
          7.620	 15.633
          7.624	 15.667
          7.628	 15.692
          7.632	 15.692
          7.636	 15.708
          7.640	 15.708
          7.644	 15.725
          7.648	 15.750
          7.652	 15.792
          7.656	 15.817
          7.660	 15.817
          7.664	 15.817
          7.668	 15.842
          7.672	 15.800
          7.676	 15.792
          7.680	 15.767
          7.684	 15.742
          7.688	 15.700
          7.692	 15.667
          7.696	 15.625
          7.700	 15.592
          7.704	 15.533
          7.708	 15.517
          7.712	 15.467
          7.716	 15.458
          7.720	 15.458
          7.724	 15.433
          7.728	 15.433
          7.732	 15.433
          7.736	 15.400
          7.740	 15.400
          7.744	 15.425
          7.748	 15.400
          7.752	 15.392
          7.756	 15.392
          7.760	 15.375
          7.764	 15.375
          7.768	 15.358
          7.772	 15.375
          7.776	 15.375
          7.780	 15.400
          7.784	 15.375
          7.788	 15.358
          7.792	 15.367
          7.796	 15.375
          7.800	 15.392
          7.804	 15.375
          7.808	 15.367
          7.812	 15.367
          7.816	 15.392
          7.820	 15.392
          7.824	 15.400
          7.828	 15.375
          7.832	 15.392
          7.836	 15.400
          7.840	 15.392
          7.844	 15.400
          7.848	 15.400
          7.852	 15.400
          7.856	 15.400
          7.860	 15.400
          7.864	 15.400
          7.868	 15.400
          7.872	 15.392
          7.876	 15.375
          7.880	 15.392
          7.884	 15.375
          7.888	 15.375
          7.892	 15.392
          7.896	 15.400
          7.900	 15.375
          7.904	 15.375
          7.908	 15.400
          7.912	 15.392
          7.916	 15.392
          7.920	 15.358
          7.924	 15.375
          7.928	 15.392
          7.932	 15.367
          7.936	 15.358
          7.940	 15.392
          7.944	 15.392
          7.948	 15.367
          7.952	 15.358
          7.956	 15.300
          7.960	 15.358
          7.964	 15.358
          7.968	 15.350
          7.972	 15.358
          7.976	 15.358
          7.980	 15.350
          7.984	 15.350
          7.988	 15.358
          7.992	 15.358
          7.996	 15.350
          8.000	 15.358
          8.004	 15.358
          8.008	 15.358
          8.012	 15.358
          8.016	 15.358
          8.020	 15.358
          8.024	 15.358
          8.028	 15.350
          8.032	 15.358
          8.036	 15.358
          8.040	 15.358
          8.044	 15.358
          8.048	 15.325
          8.052	 15.325
          8.056	 15.358
          8.060	 15.350
          8.064	 15.300
          8.068	 15.325
          8.072	 15.325
          8.076	 15.358
          8.080	 15.325
          8.084	 15.325
          8.088	 15.325
          8.092	 15.325
          8.096	 15.358
          8.100	 15.358
          8.104	 15.358
          8.108	 15.325
          8.112	 15.325
          8.116	 15.325
          8.120	 15.325
          8.124	 15.300
          8.128	 15.325
          8.132	 15.325
          8.136	 15.325
          8.140	 15.325
          8.144	 15.300
          8.148	 15.325
          8.152	 15.317
          8.156	 15.325
          8.160	 15.317
          8.164	 15.325
          8.168	 15.325
          8.172	 15.350
          8.176	 15.358
          8.180	 15.367
          8.184	 15.358
          8.188	 15.358
          8.192	 15.325
          8.196	 15.325
          8.200	 15.325
          8.204	 15.350
          8.208	 15.325
          8.212	 15.325
          8.216	 15.358
          8.220	 15.325
          8.224	 15.317
          8.228	 15.325
          8.232	 15.325
          8.236	 15.325
          8.240	 15.325
          8.244	 15.367
          8.248	 15.358
          8.252	 15.358
          8.256	 15.350
          8.260	 15.350
          8.264	 15.358
          8.268	 15.358
          8.272	 15.367
          8.276	 15.375
          8.280	 15.392
          8.284	 15.375
          8.288	 15.392
          8.292	 15.300
          8.296	 15.325
          8.300	 15.358
          8.304	 15.358
          8.308	 15.375
          8.312	 15.358
          8.316	 15.367
          8.320	 15.358
          8.324	 15.325
          8.328	 15.317
          8.332	 15.317
          8.336	 15.317
          8.340	 15.325
          8.344	 15.358
          8.348	 15.358
          8.352	 15.325
          8.356	 15.358
          8.360	 15.317
          8.364	 15.325
          8.368	 15.325
          8.372	 15.325
          8.376	 15.325
          8.380	 15.325
          8.384	 15.358
          8.388	 15.375
          8.392	 15.392
          8.396	 15.375
          8.400	 15.358
          8.404	 15.358
          8.408	 15.300
          8.412	 15.300
          8.416	 15.317
          8.420	 15.375
          8.424	 15.500
          8.428	 15.558
          8.432	 15.675
          8.436	 15.742
          8.440	 15.800
          8.444	 15.900
          8.448	 16.075
          8.452	 16.225
          8.456	 16.383
          8.460	 16.350
          8.464	 16.075
          8.468	 15.692
          8.472	 15.300
          8.476	 15.075
          8.480	 15.042
          8.484	 15.192
          8.488	 15.300
          8.492	 15.400
          8.496	 15.458
          8.500	 15.475
          8.504	 15.525
          8.508	 15.533
          8.512	 15.533
          8.516	 15.517
          8.520	 15.517
          8.524	 15.525
          8.528	 15.533
          8.532	 15.517
          8.536	 15.517
          8.540	 15.525
          8.544	 15.517
          8.548	 15.533
          8.552	 15.542
          8.556	 15.533
          8.560	 15.525
          8.564	 15.525
          8.568	 15.517
          8.572	 15.533
          8.576	 15.525
          8.580	 15.533
          8.584	 15.525
          8.588	 15.500
          8.592	 15.517
          8.596	 15.533
          8.600	 15.525
          8.604	 15.500
          8.608	 15.517
          8.612	 15.517
          8.616	 15.517
          8.620	 15.525
          8.624	 15.517
          8.628	 15.533
          8.632	 15.517
          8.636	 15.525
          8.640	 15.542
          8.644	 15.533
          8.648	 15.500
          8.652	 15.517
          8.656	 15.517
          8.660	 15.542
          8.664	 15.533
          8.668	 15.517
          8.672	 15.558
          8.676	 15.558
          8.680	 15.558
          8.684	 15.542
          8.688	 15.558
          8.692	 15.600
          8.696	 15.617
          8.700	 15.617
          8.704	 15.633
          8.708	 15.667
          8.712	 15.667
          8.716	 15.692
          8.720	 15.692
          8.724	 15.708
          8.728	 15.742
          8.732	 15.767
          8.736	 15.767
          8.740	 15.767
          8.744	 15.750
          8.748	 15.767
          8.752	 15.742
          8.756	 15.742
          8.760	 15.708
          8.764	 15.692
          8.768	 15.642
          8.772	 15.617
          8.776	 15.600
          8.780	 15.533
          8.784	 15.525
          8.788	 15.517
          8.792	 15.458
          8.796	 15.467
          8.800	 15.458
          8.804	 15.433
          8.808	 15.425
          8.812	 15.400
          8.816	 15.358
          8.820	 15.392
          8.824	 15.392
          8.828	 15.392
          8.832	 15.367
          8.836	 15.358
          8.840	 15.392
          8.844	 15.375
          8.848	 15.367
          8.852	 15.375
          8.856	 15.358
          8.860	 15.375
          8.864	 15.375
          8.868	 15.375
          8.872	 15.392
          8.876	 15.392
          8.880	 15.375
          8.884	 15.375
          8.888	 15.392
          8.892	 15.392
          8.896	 15.367
          8.900	 15.375
          8.904	 15.392
          8.908	 15.392
          8.912	 15.425
          8.916	 15.400
          8.920	 15.400
          8.924	 15.392
          8.928	 15.375
          8.932	 15.400
          8.936	 15.392
          8.940	 15.425
          8.944	 15.375
          8.948	 15.375
          8.952	 15.392
          8.956	 15.375
          8.960	 15.367
          8.964	 15.375
          8.968	 15.400
          8.972	 15.425
          8.976	 15.375
          8.980	 15.358
          8.984	 15.350
          8.988	 15.350
          8.992	 15.358
          8.996	 15.375
          9.000	 15.358
          9.004	 15.325
          9.008	 15.367
          9.012	 15.358
          9.016	 15.358
          9.020	 15.358
          9.024	 15.358
          9.028	 15.358
          9.032	 15.358
          9.036	 15.358
          9.040	 15.358
          9.044	 15.358
          9.048	 15.358
          9.052	 15.358
          9.056	 15.358
          9.060	 15.325
          9.064	 15.358
          9.068	 15.358
          9.072	 15.358
          9.076	 15.358
          9.080	 15.358
          9.084	 15.325
          9.088	 15.325
          9.092	 15.358
          9.096	 15.358
          9.100	 15.358
          9.104	 15.358
          9.108	 15.358
          9.112	 15.325
          9.116	 15.325
          9.120	 15.358
          9.124	 15.358
          9.128	 15.358
          9.132	 15.358
          9.136	 15.358
          9.140	 15.350
          9.144	 15.358
          9.148	 15.358
          9.152	 15.358
          9.156	 15.358
          9.160	 15.358
          9.164	 15.325
          9.168	 15.325
          9.172	 15.300
          9.176	 15.358
          9.180	 15.358
          9.184	 15.350
          9.188	 15.358
          9.192	 15.300
          9.196	 15.350
          9.200	 15.358
          9.204	 15.358
          9.208	 15.350
          9.212	 15.358
          9.216	 15.350
          9.220	 15.358
          9.224	 15.358
          9.228	 15.350
          9.232	 15.358
          9.236	 15.358
          9.240	 15.358
          9.244	 15.358
          9.248	 15.358
          9.252	 15.358
          9.256	 15.325
          9.260	 15.350
          9.264	 15.358
          9.268	 15.358
          9.272	 15.367
          9.276	 15.358
          9.280	 15.358
          9.284	 15.358
          9.288	 15.358
          9.292	 15.358
          9.296	 15.350
          9.300	 15.358
          9.304	 15.358
          9.308	 15.358
          9.312	 15.358
          9.316	 15.358
          9.320	 15.392
          9.324	 15.392
          9.328	 15.367
          9.332	 15.392
          9.336	 15.367
          9.340	 15.325
          9.344	 15.375
          9.348	 15.375
          9.352	 15.400
          9.356	 15.425
          9.360	 15.367
          9.364	 15.433
          9.368	 15.400
          9.372	 15.392
          9.376	 15.367
          9.380	 15.375
          9.384	 15.392
          9.388	 15.400
          9.392	 15.375
          9.396	 15.375
          9.400	 15.358
          9.404	 15.358
          9.408	 15.325
          9.412	 15.358
          9.416	 15.358
          9.420	 15.358
          9.424	 15.358
          9.428	 15.358
          9.432	 15.358
          9.436	 15.367
          9.440	 15.367
          9.444	 15.367
          9.448	 15.358
          9.452	 15.392
          9.456	 15.375
          9.460	 15.400
          9.464	 15.375
          9.468	 15.375
          9.472	 15.400
          9.476	 15.375
          9.480	 15.358
          9.484	 15.350
          9.488	 15.325
          9.492	 15.375
          9.496	 15.475
          9.500	 15.558
          9.504	 15.625
          9.508	 15.708
          9.512	 15.792
          9.516	 15.842
          9.520	 15.925
          9.524	 16.092
          9.528	 16.275
          9.532	 16.317
          9.536	 16.217
          9.540	 15.942
          9.544	 15.558
          9.548	 15.225
          9.552	 15.075
          9.556	 15.092
          9.560	 15.225
          9.564	 15.375
          9.568	 15.467
          9.572	 15.533
          9.576	 15.558
          9.580	 15.575
          9.584	 15.533
          9.588	 15.542
          9.592	 15.542
          9.596	 15.542
          9.600	 15.558
          9.604	 15.542
          9.608	 15.558
          9.612	 15.542
          9.616	 15.542
          9.620	 15.542
          9.624	 15.542
          9.628	 15.558
          9.632	 15.558
          9.636	 15.558
          9.640	 15.558
          9.644	 15.558
          9.648	 15.558
          9.652	 15.558
          9.656	 15.558
          9.660	 15.558
          9.664	 15.558
          9.668	 15.558
          9.672	 15.558
          9.676	 15.558
          9.680	 15.558
          9.684	 15.558
          9.688	 15.558
          9.692	 15.558
          9.696	 15.533
          9.700	 15.558
          9.704	 15.558
          9.708	 15.558
          9.712	 15.558
          9.716	 15.533
          9.720	 15.558
          9.724	 15.558
          9.728	 15.542
          9.732	 15.542
          9.736	 15.558
          9.740	 15.558
          9.744	 15.575
          9.748	 15.600
          9.752	 15.600
          9.756	 15.600
          9.760	 15.617
          9.764	 15.600
          9.768	 15.617
          9.772	 15.633
          9.776	 15.667
          9.780	 15.667
          9.784	 15.700
          9.788	 15.708
          9.792	 15.700
          9.796	 15.742
          9.800	 15.767
          9.804	 15.792
          9.808	 15.775
          9.812	 15.817
          9.816	 15.817
          9.820	 15.817
          9.824	 15.792
          9.828	 15.792
          9.832	 15.767
          9.836	 15.725
          9.840	 15.708
          9.844	 15.692
          9.848	 15.633
          9.852	 15.592
          9.856	 15.558
          9.860	 15.533
          9.864	 15.500
          9.868	 15.500
          9.872	 15.475
          9.876	 15.475
          9.880	 15.458
          9.884	 15.400
          9.888	 15.425
          9.892	 15.400
          9.896	 15.400
          9.900	 15.400
          9.904	 15.375
          9.908	 15.375
          9.912	 15.375
          9.916	 15.400
          9.920	 15.375
          9.924	 15.392
          9.928	 15.392
          9.932	 15.375
          9.936	 15.375
          9.940	 15.375
          9.944	 15.400
          9.948	 15.392
          9.952	 15.375
          9.956	 15.400
          9.960	 15.400
          9.964	 15.400
          9.968	 15.400
          9.972	 15.400
          9.976	 15.400
          9.980	 15.400
          9.984	 15.400
          9.988	 15.400
          9.992	 15.392
          9.996	 15.400
