          0.000	  1.910
          0.004	  1.885
          0.008	  1.870
          0.012	  1.865
          0.016	  1.850
          0.020	  1.850
          0.024	  1.850
          0.028	  1.845
          0.032	  1.830
          0.036	  1.820
          0.040	  1.820
          0.044	  1.830
          0.048	  1.830
          0.052	  1.810
          0.056	  1.765
          0.060	  1.710
          0.064	  1.710
          0.068	  1.790
          0.072	  1.890
          0.076	  2.030
          0.080	  2.285
          0.084	  2.575
          0.088	  2.835
          0.092	  3.090
          0.096	  3.275
          0.100	  3.210
          0.104	  2.860
          0.108	  2.365
          0.112	  2.010
          0.116	  1.645
          0.120	  1.410
          0.124	  1.290
          0.128	  1.290
          0.132	  1.360
          0.136	  1.420
          0.140	  1.510
          0.144	  1.605
          0.148	  1.650
          0.152	  1.680
          0.156	  1.705
          0.160	  1.710
          0.164	  1.710
          0.168	  1.725
          0.172	  1.750
          0.176	  1.755
          0.180	  1.750
          0.184	  1.755
          0.188	  1.755
          0.192	  1.765
          0.196	  1.770
          0.200	  1.770
          0.204	  1.780
          0.208	  1.785
          0.212	  1.775
          0.216	  1.780
          0.220	  1.775
          0.224	  1.780
          0.228	  1.790
          0.232	  1.790
          0.236	  1.800
          0.240	  1.795
          0.244	  1.805
          0.248	  1.805
          0.252	  1.805
          0.256	  1.810
          0.260	  1.820
          0.264	  1.830
          0.268	  1.830
          0.272	  1.830
          0.276	  1.830
          0.280	  1.835
          0.284	  1.845
          0.288	  1.850
          0.292	  1.850
          0.296	  1.860
          0.300	  1.870
          0.304	  1.870
          0.308	  1.885
          0.312	  1.905
          0.316	  1.915
          0.320	  1.925
          0.324	  1.935
          0.328	  1.955
          0.332	  1.970
          0.336	  1.985
          0.340	  2.010
          0.344	  2.070
          0.348	  2.110
          0.352	  2.160
          0.356	  2.210
          0.360	  2.250
          0.364	  2.285
          0.368	  2.320
          0.372	  2.340
          0.376	  2.370
          0.380	  2.385
          0.384	  2.415
          0.388	  2.450
          0.392	  2.500
          0.396	  2.550
          0.400	  2.575
          0.404	  2.610
          0.408	  2.650
          0.412	  2.700
          0.416	  2.730
          0.420	  2.765
          0.424	  2.795
          0.428	  2.825
          0.432	  2.850
          0.436	  2.875
          0.440	  2.895
          0.444	  2.910
          0.448	  2.910
          0.452	  2.885
          0.456	  2.870
          0.460	  2.850
          0.464	  2.820
          0.468	  2.770
          0.472	  2.730
          0.476	  2.670
          0.480	  2.610
          0.484	  2.555
          0.488	  2.500
          0.492	  2.445
          0.496	  2.390
          0.500	  2.340
          0.504	  2.285
          0.508	  2.225
          0.512	  2.185
          0.516	  2.140
          0.520	  2.095
          0.524	  2.065
          0.528	  2.050
          0.532	  2.030
          0.536	  2.010
          0.540	  1.990
          0.544	  1.970
          0.548	  1.965
          0.552	  1.950
          0.556	  1.930
          0.560	  1.905
          0.564	  1.885
          0.568	  1.860
          0.572	  1.840
          0.576	  1.835
          0.580	  1.815
          0.584	  1.795
          0.588	  1.805
          0.592	  1.810
          0.596	  1.805
          0.600	  1.790
          0.604	  1.790
          0.608	  1.795
          0.612	  1.805
          0.616	  1.805
          0.620	  1.810
          0.624	  1.800
          0.628	  1.805
          0.632	  1.795
          0.636	  1.775
          0.640	  1.780
          0.644	  1.790
          0.648	  1.790
          0.652	  1.790
          0.656	  1.790
          0.660	  1.810
          0.664	  1.810
          0.668	  1.805
          0.672	  1.810
          0.676	  1.800
          0.680	  1.795
          0.684	  1.795
          0.688	  1.795
          0.692	  1.795
          0.696	  1.810
          0.700	  1.805
          0.704	  1.790
          0.708	  1.775
          0.712	  1.775
          0.716	  1.790
          0.720	  1.780
          0.724	  1.790
          0.728	  1.805
          0.732	  1.820
          0.736	  1.820
          0.740	  1.830
          0.744	  1.810
          0.748	  1.795
          0.752	  1.795
          0.756	  1.795
          0.760	  1.810
          0.764	  1.810
          0.768	  1.815
          0.772	  1.805
          0.776	  1.805
          0.780	  1.810
          0.784	  1.810
          0.788	  1.810
          0.792	  1.810
          0.796	  1.805
          0.800	  1.810
          0.804	  1.805
          0.808	  1.795
          0.812	  1.805
          0.816	  1.805
          0.820	  1.805
          0.824	  1.805
          0.828	  1.805
          0.832	  1.805
          0.836	  1.795
          0.840	  1.790
          0.844	  1.790
          0.848	  1.790
          0.852	  1.790
          0.856	  1.795
          0.860	  1.795
          0.864	  1.795
          0.868	  1.805
          0.872	  1.805
          0.876	  1.810
          0.880	  1.795
          0.884	  1.805
          0.888	  1.795
          0.892	  1.790
          0.896	  1.795
          0.900	  1.790
          0.904	  1.795
          0.908	  1.795
          0.912	  1.805
          0.916	  1.805
          0.920	  1.805
          0.924	  1.805
          0.928	  1.810
          0.932	  1.795
          0.936	  1.805
          0.940	  1.805
          0.944	  1.810
          0.948	  1.810
          0.952	  1.810
          0.956	  1.810
          0.960	  1.810
          0.964	  1.810
          0.968	  1.810
          0.972	  1.810
          0.976	  1.810
          0.980	  1.820
          0.984	  1.820
          0.988	  1.820
          0.992	  1.825
          0.996	  1.810
          1.000	  1.810
          1.004	  1.820
          1.008	  1.810
          1.012	  1.810
          1.016	  1.830
          1.020	  1.830
          1.024	  1.830
          1.028	  1.830
          1.032	  1.835
          1.036	  1.840
          1.040	  1.840
          1.044	  1.840
          1.048	  1.845
          1.052	  1.840
          1.056	  1.850
          1.060	  1.850
          1.064	  1.855
          1.068	  1.870
          1.072	  1.870
          1.076	  1.875
          1.080	  1.870
          1.084	  1.885
          1.088	  1.890
          1.092	  1.885
          1.096	  1.905
          1.100	  1.930
          1.104	  1.965
          1.108	  2.010
          1.112	  2.050
          1.116	  2.085
          1.120	  2.140
          1.124	  2.205
          1.128	  2.255
          1.132	  2.290
          1.136	  2.315
          1.140	  2.290
          1.144	  2.245
          1.148	  2.210
          1.152	  2.190
          1.156	  2.185
          1.160	  2.190
          1.164	  2.190
          1.168	  2.165
          1.172	  2.125
          1.176	  2.065
          1.180	  2.025
          1.184	  1.970
          1.188	  1.930
          1.192	  1.910
          1.196	  1.900
          1.200	  1.885
          1.204	  1.870
          1.208	  1.870
          1.212	  1.870
          1.216	  1.875
          1.220	  1.870
          1.224	  1.870
          1.228	  1.870
          1.232	  1.870
          1.236	  1.860
          1.240	  1.860
          1.244	  1.865
          1.248	  1.870
          1.252	  1.845
          1.256	  1.775
          1.260	  1.755
          1.264	  1.805
          1.268	  1.900
          1.272	  2.015
          1.276	  2.190
          1.280	  2.490
          1.284	  2.770
          1.288	  3.010
          1.292	  3.275
          1.296	  3.430
          1.300	  3.365
          1.304	  3.010
          1.308	  2.500
          1.312	  2.150
          1.316	  1.775
          1.320	  1.515
          1.324	  1.370
          1.328	  1.315
          1.332	  1.370
          1.336	  1.445
          1.340	  1.510
          1.344	  1.595
          1.348	  1.675
          1.352	  1.735
          1.356	  1.765
          1.360	  1.770
          1.364	  1.775
          1.368	  1.795
          1.372	  1.805
          1.376	  1.815
          1.380	  1.830
          1.384	  1.840
          1.388	  1.850
          1.392	  1.850
          1.396	  1.845
          1.400	  1.840
          1.404	  1.840
          1.408	  1.870
          1.412	  1.870
          1.416	  1.870
          1.420	  1.870
          1.424	  1.870
          1.428	  1.870
          1.432	  1.870
          1.436	  1.885
          1.440	  1.890
          1.444	  1.890
          1.448	  1.900
          1.452	  1.910
          1.456	  1.905
          1.460	  1.905
          1.464	  1.915
          1.468	  1.915
          1.472	  1.915
          1.476	  1.920
          1.480	  1.930
          1.484	  1.935
          1.488	  1.935
          1.492	  1.950
          1.496	  1.950
          1.500	  1.955
          1.504	  1.970
          1.508	  1.990
          1.512	  1.995
          1.516	  2.005
          1.520	  2.010
          1.524	  2.030
          1.528	  2.030
          1.532	  2.045
          1.536	  2.065
          1.540	  2.085
          1.544	  2.095
          1.548	  2.125
          1.552	  2.140
          1.556	  2.170
          1.560	  2.220
          1.564	  2.285
          1.568	  2.330
          1.572	  2.380
          1.576	  2.415
          1.580	  2.460
          1.584	  2.475
          1.588	  2.510
          1.592	  2.540
          1.596	  2.580
          1.600	  2.630
          1.604	  2.665
          1.608	  2.685
          1.612	  2.730
          1.616	  2.765
          1.620	  2.800
          1.624	  2.830
          1.628	  2.865
          1.632	  2.900
          1.636	  2.915
          1.640	  2.940
          1.644	  2.960
          1.648	  2.970
          1.652	  2.975
          1.656	  2.960
          1.660	  2.950
          1.664	  2.930
          1.668	  2.900
          1.672	  2.860
          1.676	  2.800
          1.680	  2.750
          1.684	  2.695
          1.688	  2.635
          1.692	  2.580
          1.696	  2.525
          1.700	  2.470
          1.704	  2.400
          1.708	  2.350
          1.712	  2.300
          1.716	  2.255
          1.720	  2.220
          1.724	  2.190
          1.728	  2.170
          1.732	  2.150
          1.736	  2.130
          1.740	  2.110
          1.744	  2.085
          1.748	  2.045
          1.752	  2.030
          1.756	  1.995
          1.760	  1.970
          1.764	  1.970
          1.768	  1.935
          1.772	  1.915
          1.776	  1.915
          1.780	  1.900
          1.784	  1.890
          1.788	  1.890
          1.792	  1.900
          1.796	  1.870
          1.800	  1.875
          1.804	  1.885
          1.808	  1.885
          1.812	  1.870
          1.816	  1.875
          1.820	  1.890
          1.824	  1.870
          1.828	  1.870
          1.832	  1.885
          1.836	  1.890
          1.840	  1.885
          1.844	  1.900
          1.848	  1.900
          1.852	  1.875
          1.856	  1.885
          1.860	  1.885
          1.864	  1.885
          1.868	  1.885
          1.872	  1.880
          1.876	  1.870
          1.880	  1.885
          1.884	  1.890
          1.888	  1.890
          1.892	  1.885
          1.896	  1.885
          1.900	  1.885
          1.904	  1.885
          1.908	  1.890
          1.912	  1.885
          1.916	  1.890
          1.920	  1.890
          1.924	  1.885
          1.928	  1.890
          1.932	  1.900
          1.936	  1.905
          1.940	  1.925
          1.944	  1.915
          1.948	  1.915
          1.952	  1.930
          1.956	  1.925
          1.960	  1.925
          1.964	  1.920
          1.968	  1.925
          1.972	  1.915
          1.976	  1.930
          1.980	  1.935
          1.984	  1.935
          1.988	  1.930
          1.992	  1.935
          1.996	  1.930
          2.000	  1.930
          2.004	  1.935
          2.008	  1.930
          2.012	  1.935
          2.016	  1.950
          2.020	  1.935
          2.024	  1.935
          2.028	  1.950
          2.032	  1.940
          2.036	  1.950
          2.040	  1.935
          2.044	  1.930
          2.048	  1.935
          2.052	  1.935
          2.056	  1.950
          2.060	  1.950
          2.064	  1.935
          2.068	  1.950
          2.072	  1.940
          2.076	  1.960
          2.080	  1.965
          2.084	  1.955
          2.088	  1.955
          2.092	  1.965
          2.096	  1.955
          2.100	  1.955
          2.104	  1.965
          2.108	  1.965
          2.112	  1.965
          2.116	  1.970
          2.120	  1.980
          2.124	  1.970
          2.128	  1.970
          2.132	  1.965
          2.136	  1.970
          2.140	  1.980
          2.144	  1.970
          2.148	  1.970
          2.152	  1.970
          2.156	  1.970
          2.160	  1.980
          2.164	  1.980
          2.168	  1.980
          2.172	  1.965
          2.176	  1.965
          2.180	  1.970
          2.184	  1.970
          2.188	  1.975
          2.192	  1.970
          2.196	  1.980
          2.200	  1.990
          2.204	  1.995
          2.208	  1.990
          2.212	  1.990
          2.216	  1.995
          2.220	  1.995
          2.224	  1.995
          2.228	  2.000
          2.232	  2.000
          2.236	  2.010
          2.240	  2.010
          2.244	  2.010
          2.248	  2.020
          2.252	  2.010
          2.256	  2.005
          2.260	  2.000
          2.264	  1.995
          2.268	  2.000
          2.272	  2.000
          2.276	  2.010
          2.280	  2.030
          2.284	  2.030
          2.288	  2.050
          2.292	  2.050
          2.296	  2.065
          2.300	  2.085
          2.304	  2.120
          2.308	  2.155
          2.312	  2.190
          2.316	  2.225
          2.320	  2.285
          2.324	  2.350
          2.328	  2.430
          2.332	  2.470
          2.336	  2.465
          2.340	  2.420
          2.344	  2.370
          2.348	  2.330
          2.352	  2.315
          2.356	  2.325
          2.360	  2.315
          2.364	  2.310
          2.368	  2.260
          2.372	  2.195
          2.376	  2.155
          2.380	  2.110
          2.384	  2.070
          2.388	  2.030
          2.392	  2.020
          2.396	  2.000
          2.400	  1.995
          2.404	  1.990
          2.408	  1.990
          2.412	  1.990
          2.416	  1.980
          2.420	  1.970
          2.424	  1.965
          2.428	  1.990
          2.432	  1.990
          2.436	  1.990
          2.440	  1.990
          2.444	  1.980
          2.448	  1.935
          2.452	  1.885
          2.456	  1.870
          2.460	  1.950
          2.464	  2.060
          2.468	  2.190
          2.472	  2.475
          2.476	  2.780
          2.480	  3.045
          2.484	  3.315
          2.488	  3.500
          2.492	  3.470
          2.496	  3.130
          2.500	  2.620
          2.504	  2.235
          2.508	  1.840
          2.512	  1.585
          2.516	  1.445
          2.520	  1.435
          2.524	  1.490
          2.528	  1.550
          2.532	  1.645
          2.536	  1.740
          2.540	  1.795
          2.544	  1.830
          2.548	  1.835
          2.552	  1.860
          2.556	  1.870
          2.560	  1.870
          2.564	  1.890
          2.568	  1.915
          2.572	  1.920
          2.576	  1.915
          2.580	  1.915
          2.584	  1.925
          2.588	  1.940
          2.592	  1.940
          2.596	  1.950
          2.600	  1.950
          2.604	  1.935
          2.608	  1.935
          2.612	  1.935
          2.616	  1.935
          2.620	  1.935
          2.624	  1.950
          2.628	  1.950
          2.632	  1.955
          2.636	  1.970
          2.640	  1.965
          2.644	  1.965
          2.648	  1.965
          2.652	  1.965
          2.656	  1.970
          2.660	  1.970
          2.664	  1.980
          2.668	  1.995
          2.672	  2.005
          2.676	  2.005
          2.680	  2.000
          2.684	  2.005
          2.688	  2.025
          2.692	  2.030
          2.696	  2.035
          2.700	  2.050
          2.704	  2.060
          2.708	  2.070
          2.712	  2.085
          2.716	  2.090
          2.720	  2.090
          2.724	  2.095
          2.728	  2.125
          2.732	  2.150
          2.736	  2.170
          2.740	  2.190
          2.744	  2.235
          2.748	  2.270
          2.752	  2.300
          2.756	  2.350
          2.760	  2.415
          2.764	  2.470
          2.768	  2.505
          2.772	  2.535
          2.776	  2.565
          2.780	  2.605
          2.784	  2.635
          2.788	  2.670
          2.792	  2.715
          2.796	  2.750
          2.800	  2.790
          2.804	  2.825
          2.808	  2.860
          2.812	  2.910
          2.816	  2.940
          2.820	  2.955
          2.824	  2.980
          2.828	  3.005
          2.832	  3.020
          2.836	  3.030
          2.840	  3.020
          2.844	  3.010
          2.848	  2.990
          2.852	  2.980
          2.856	  2.930
          2.860	  2.890
          2.864	  2.820
          2.868	  2.770
          2.872	  2.700
          2.876	  2.645
          2.880	  2.575
          2.884	  2.530
          2.888	  2.470
          2.892	  2.405
          2.896	  2.350
          2.900	  2.310
          2.904	  2.285
          2.908	  2.255
          2.912	  2.210
          2.916	  2.185
          2.920	  2.150
          2.924	  2.110
          2.928	  2.070
          2.932	  2.035
          2.936	  1.995
          2.940	  1.990
          2.944	  1.965
          2.948	  1.955
          2.952	  1.935
          2.956	  1.935
          2.960	  1.930
          2.964	  1.925
          2.968	  1.915
          2.972	  1.915
          2.976	  1.915
          2.980	  1.905
          2.984	  1.905
          2.988	  1.910
          2.992	  1.910
          2.996	  1.910
          3.000	  1.910
          3.004	  1.910
          3.008	  1.905
          3.012	  1.910
          3.016	  1.915
          3.020	  1.915
          3.024	  1.905
          3.028	  1.915
          3.032	  1.915
          3.036	  1.905
          3.040	  1.905
          3.044	  1.905
          3.048	  1.910
          3.052	  1.910
          3.056	  1.905
          3.060	  1.905
          3.064	  1.925
          3.068	  1.925
          3.072	  1.915
          3.076	  1.910
          3.080	  1.925
          3.084	  1.925
          3.088	  1.930
          3.092	  1.930
          3.096	  1.930
          3.100	  1.930
          3.104	  1.930
          3.108	  1.930
          3.112	  1.940
          3.116	  1.935
          3.120	  1.955
          3.124	  1.955
          3.128	  1.965
          3.132	  1.970
          3.136	  1.965
          3.140	  1.970
          3.144	  1.965
          3.148	  1.965
          3.152	  1.965
          3.156	  1.970
          3.160	  1.970
          3.164	  1.970
          3.168	  1.970
          3.172	  1.970
          3.176	  1.970
          3.180	  1.970
          3.184	  1.980
          3.188	  1.980
          3.192	  1.980
          3.196	  1.985
          3.200	  1.985
          3.204	  1.990
          3.208	  1.995
          3.212	  1.990
          3.216	  1.990
          3.220	  1.980
          3.224	  1.990
          3.228	  1.990
          3.232	  1.980
          3.236	  1.980
          3.240	  1.990
          3.244	  1.990
          3.248	  1.995
          3.252	  1.995
          3.256	  1.995
          3.260	  1.990
          3.264	  1.995
          3.268	  2.000
          3.272	  2.000
          3.276	  1.990
          3.280	  1.995
          3.284	  2.000
          3.288	  1.995
          3.292	  1.995
          3.296	  1.995
          3.300	  1.995
          3.304	  1.995
          3.308	  1.995
          3.312	  2.010
          3.316	  2.010
          3.320	  2.010
          3.324	  2.010
          3.328	  2.010
          3.332	  2.010
          3.336	  2.010
          3.340	  2.020
          3.344	  2.020
          3.348	  2.020
          3.352	  2.020
          3.356	  2.025
          3.360	  2.020
          3.364	  2.010
          3.368	  2.020
          3.372	  2.020
          3.376	  2.010
          3.380	  2.010
          3.384	  2.020
          3.388	  2.030
          3.392	  2.030
          3.396	  2.030
          3.400	  2.035
          3.404	  2.030
          3.408	  2.030
          3.412	  2.030
          3.416	  2.030
          3.420	  2.030
          3.424	  2.030
          3.428	  2.030
          3.432	  2.035
          3.436	  2.030
          3.440	  2.045
          3.444	  2.050
          3.448	  2.050
          3.452	  2.050
          3.456	  2.050
          3.460	  2.050
          3.464	  2.050
          3.468	  2.060
          3.472	  2.070
          3.476	  2.060
          3.480	  2.070
          3.484	  2.065
          3.488	  2.085
          3.492	  2.095
          3.496	  2.105
          3.500	  2.110
          3.504	  2.130
          3.508	  2.155
          3.512	  2.190
          3.516	  2.230
          3.520	  2.265
          3.524	  2.330
          3.528	  2.410
          3.532	  2.480
          3.536	  2.525
          3.540	  2.510
          3.544	  2.485
          3.548	  2.415
          3.552	  2.370
          3.556	  2.350
          3.560	  2.350
          3.564	  2.355
          3.568	  2.370
          3.572	  2.330
          3.576	  2.280
          3.580	  2.210
          3.584	  2.160
          3.588	  2.125
          3.592	  2.085
          3.596	  2.050
          3.600	  2.050
          3.604	  2.030
          3.608	  2.030
          3.612	  2.030
          3.616	  2.030
          3.620	  2.030
          3.624	  2.020
          3.628	  2.020
          3.632	  2.030
          3.636	  2.020
          3.640	  2.020
          3.644	  2.010
          3.648	  2.005
          3.652	  1.980
          3.656	  1.925
          3.660	  1.930
          3.664	  1.990
          3.668	  2.100
          3.672	  2.235
          3.676	  2.500
          3.680	  2.810
          3.684	  3.085
          3.688	  3.330
          3.692	  3.550
          3.696	  3.550
          3.700	  3.260
          3.704	  2.735
          3.708	  2.325
          3.712	  1.930
          3.716	  1.645
          3.720	  1.490
          3.724	  1.450
          3.728	  1.485
          3.732	  1.540
          3.736	  1.615
          3.740	  1.710
          3.744	  1.795
          3.748	  1.835
          3.752	  1.870
          3.756	  1.890
          3.760	  1.890
          3.764	  1.905
          3.768	  1.910
          3.772	  1.915
          3.776	  1.935
          3.780	  1.950
          3.784	  1.950
          3.788	  1.950
          3.792	  1.965
          3.796	  1.970
          3.800	  1.965
          3.804	  1.970
          3.808	  1.970
          3.812	  1.965
          3.816	  1.970
          3.820	  1.980
          3.824	  1.990
          3.828	  1.990
          3.832	  1.990
          3.836	  1.980
          3.840	  1.995
          3.844	  1.995
          3.848	  1.995
          3.852	  1.995
          3.856	  2.000
          3.860	  2.010
          3.864	  2.030
          3.868	  2.030
          3.872	  2.030
          3.876	  2.030
          3.880	  2.060
          3.884	  2.070
          3.888	  2.060
          3.892	  2.070
          3.896	  2.065
          3.900	  2.065
          3.904	  2.080
          3.908	  2.100
          3.912	  2.130
          3.916	  2.130
          3.920	  2.145
          3.924	  2.165
          3.928	  2.190
          3.932	  2.190
          3.936	  2.210
          3.940	  2.235
          3.944	  2.270
          3.948	  2.300
          3.952	  2.320
          3.956	  2.370
          3.960	  2.405
          3.964	  2.445
          3.968	  2.485
          3.972	  2.530
          3.976	  2.555
          3.980	  2.590
          3.984	  2.630
          3.988	  2.650
          3.992	  2.685
          3.996	  2.705
          4.000	  2.765
          4.004	  2.820
          4.008	  2.830
          4.012	  2.870
          4.016	  2.890
          4.020	  2.925
          4.024	  2.980
          4.028	  3.025
          4.032	  3.055
          4.036	  3.055
          4.040	  3.085
          4.044	  3.090
          4.048	  3.110
          4.052	  3.115
          4.056	  3.085
          4.060	  3.050
          4.064	  3.020
          4.068	  2.955
          4.072	  2.890
          4.076	  2.845
          4.080	  2.790
          4.084	  2.735
          4.088	  2.690
          4.092	  2.620
          4.096	  2.550
          4.100	  2.485
          4.104	  2.420
          4.108	  2.355
          4.112	  2.325
          4.116	  2.300
          4.120	  2.275
          4.124	  2.275
          4.128	  2.260
          4.132	  2.205
          4.136	  2.150
          4.140	  2.130
          4.144	  2.150
          4.148	  2.170
          4.152	  2.155
          4.156	  2.115
          4.160	  2.080
          4.164	  2.060
          4.168	  2.030
          4.172	  2.015
          4.176	  2.000
          4.180	  2.000
          4.184	  2.000
          4.188	  2.010
          4.192	  2.030
          4.196	  2.030
          4.200	  2.010
          4.204	  2.000
          4.208	  1.990
          4.212	  1.990
          4.216	  2.000
          4.220	  2.030
          4.224	  2.030
          4.228	  1.995
          4.232	  1.995
          4.236	  2.010
          4.240	  2.045
          4.244	  2.090
          4.248	  2.095
          4.252	  2.090
          4.256	  2.075
          4.260	  2.060
          4.264	  2.050
          4.268	  2.075
          4.272	  2.075
          4.276	  2.065
          4.280	  2.030
          4.284	  1.995
          4.288	  2.000
          4.292	  2.030
          4.296	  2.000
          4.300	  1.990
          4.304	  2.010
          4.308	  2.065
          4.312	  2.050
          4.316	  2.045
          4.320	  2.050
          4.324	  2.055
          4.328	  2.045
          4.332	  2.050
          4.336	  2.050
          4.340	  2.030
          4.344	  2.030
          4.348	  2.030
          4.352	  2.045
          4.356	  2.050
          4.360	  2.050
          4.364	  2.060
          4.368	  2.050
          4.372	  2.030
          4.376	  2.030
          4.380	  2.030
          4.384	  2.020
          4.388	  2.000
          4.392	  2.000
          4.396	  2.030
          4.400	  2.030
          4.404	  2.030
          4.408	  2.000
          4.412	  1.995
          4.416	  1.995
          4.420	  2.000
          4.424	  1.990
          4.428	  2.000
          4.432	  1.990
          4.436	  1.970
          4.440	  1.975
          4.444	  1.985
          4.448	  1.995
          4.452	  2.010
          4.456	  1.995
          4.460	  1.995
          4.464	  2.020
          4.468	  2.000
          4.472	  1.980
          4.476	  1.955
          4.480	  1.935
          4.484	  1.950
          4.488	  1.955
          4.492	  1.950
          4.496	  1.945
          4.500	  1.965
          4.504	  1.995
          4.508	  2.010
          4.512	  1.980
          4.516	  1.965
          4.520	  1.970
          4.524	  1.990
          4.528	  1.975
          4.532	  1.980
          4.536	  1.990
          4.540	  1.955
          4.544	  1.935
          4.548	  1.940
          4.552	  1.930
          4.556	  1.960
          4.560	  1.975
          4.564	  1.970
          4.568	  1.980
          4.572	  1.950
          4.576	  1.935
          4.580	  1.930
          4.584	  1.925
          4.588	  1.930
          4.592	  1.950
          4.596	  1.965
          4.600	  1.955
          4.604	  1.970
          4.608	  1.970
          4.612	  1.980
          4.616	  1.980
          4.620	  1.985
          4.624	  1.970
          4.628	  1.955
          4.632	  1.950
          4.636	  1.950
          4.640	  1.935
          4.644	  1.950
          4.648	  1.955
          4.652	  1.990
          4.656	  1.990
          4.660	  2.005
          4.664	  2.030
          4.668	  2.045
          4.672	  2.030
          4.676	  2.030
          4.680	  2.025
          4.684	  2.035
          4.688	  2.050
          4.692	  2.045
          4.696	  2.045
          4.700	  2.050
          4.704	  2.050
          4.708	  2.110
          4.712	  2.190
          4.716	  2.275
          4.720	  2.365
          4.724	  2.440
          4.728	  2.470
          4.732	  2.450
          4.736	  2.415
          4.740	  2.360
          4.744	  2.300
          4.748	  2.290
          4.752	  2.300
          4.756	  2.310
          4.760	  2.315
          4.764	  2.310
          4.768	  2.260
          4.772	  2.190
          4.776	  2.115
          4.780	  2.095
          4.784	  2.085
          4.788	  2.045
          4.792	  2.030
          4.796	  1.995
          4.800	  1.950
          4.804	  1.930
          4.808	  1.930
          4.812	  1.955
          4.816	  1.970
          4.820	  1.950
          4.824	  1.935
          4.828	  1.930
          4.832	  1.915
          4.836	  1.930
          4.840	  1.930
          4.844	  1.930
          4.848	  1.925
          4.852	  1.860
          4.856	  1.835
          4.860	  1.890
          4.864	  2.000
          4.868	  2.130
          4.872	  2.350
          4.876	  2.670
          4.880	  2.950
          4.884	  3.210
          4.888	  3.470
          4.892	  3.520
          4.896	  3.225
          4.900	  2.700
          4.904	  2.270
          4.908	  1.865
          4.912	  1.570
          4.916	  1.420
          4.920	  1.390
          4.924	  1.390
          4.928	  1.425
          4.932	  1.510
          4.936	  1.610
          4.940	  1.710
          4.944	  1.790
          4.948	  1.810
          4.952	  1.810
          4.956	  1.820
          4.960	  1.840
          4.964	  1.840
          4.968	  1.835
          4.972	  1.840
          4.976	  1.835
          4.980	  1.840
          4.984	  1.900
          4.988	  1.920
          4.992	  1.910
          4.996	  1.885
          5.000	  1.860
          5.004	  1.870
          5.008	  1.885
          5.012	  1.890
          5.016	  1.900
          5.020	  1.920
          5.024	  1.915
          5.028	  1.905
          5.032	  1.915
          5.036	  1.915
          5.040	  1.925
          5.044	  1.935
          5.048	  1.935
          5.052	  1.940
          5.056	  1.950
          5.060	  1.925
          5.064	  1.905
          5.068	  1.935
          5.072	  1.980
          5.076	  1.995
          5.080	  2.020
          5.084	  2.035
          5.088	  2.030
          5.092	  2.035
          5.096	  2.030
          5.100	  2.050
          5.104	  2.050
          5.108	  2.070
          5.112	  2.075
          5.116	  2.085
          5.120	  2.090
          5.124	  2.115
          5.128	  2.150
          5.132	  2.190
          5.136	  2.205
          5.140	  2.245
          5.144	  2.290
          5.148	  2.335
          5.152	  2.390
          5.156	  2.430
          5.160	  2.475
          5.164	  2.515
          5.168	  2.545
          5.172	  2.570
          5.176	  2.605
          5.180	  2.635
          5.184	  2.695
          5.188	  2.755
          5.192	  2.810
          5.196	  2.865
          5.200	  2.915
          5.204	  2.955
          5.208	  2.970
          5.212	  2.990
          5.216	  3.020
          5.220	  3.060
          5.224	  3.110
          5.228	  3.140
          5.232	  3.145
          5.236	  3.145
          5.240	  3.130
          5.244	  3.100
          5.248	  3.070
          5.252	  3.025
          5.256	  2.980
          5.260	  2.930
          5.264	  2.860
          5.268	  2.790
          5.272	  2.715
          5.276	  2.650
          5.280	  2.590
          5.284	  2.510
          5.288	  2.445
          5.292	  2.390
          5.296	  2.345
          5.300	  2.300
          5.304	  2.255
          5.308	  2.220
          5.312	  2.200
          5.316	  2.160
          5.320	  2.140
          5.324	  2.090
          5.328	  2.050
          5.332	  1.995
          5.336	  1.980
          5.340	  1.950
          5.344	  1.930
          5.348	  1.905
          5.352	  1.915
          5.356	  1.900
          5.360	  1.890
          5.364	  1.895
          5.368	  1.890
          5.372	  1.890
          5.376	  1.890
          5.380	  1.890
          5.384	  1.885
          5.388	  1.885
          5.392	  1.885
          5.396	  1.870
          5.400	  1.870
          5.404	  1.860
          5.408	  1.865
          5.412	  1.860
          5.416	  1.850
          5.420	  1.850
          5.424	  1.835
          5.428	  1.840
          5.432	  1.850
          5.436	  1.860
          5.440	  1.860
          5.444	  1.860
          5.448	  1.870
          5.452	  1.870
          5.456	  1.850
          5.460	  1.840
          5.464	  1.850
          5.468	  1.860
          5.472	  1.870
          5.476	  1.870
          5.480	  1.870
          5.484	  1.885
          5.488	  1.890
          5.492	  1.890
          5.496	  1.890
          5.500	  1.890
          5.504	  1.900
          5.508	  1.900
          5.512	  1.900
          5.516	  1.900
          5.520	  1.890
          5.524	  1.900
          5.528	  1.900
          5.532	  1.900
          5.536	  1.900
          5.540	  1.905
          5.544	  1.910
          5.548	  1.920
          5.552	  1.905
          5.556	  1.925
          5.560	  1.925
          5.564	  1.915
          5.568	  1.910
          5.572	  1.915
          5.576	  1.930
          5.580	  1.930
          5.584	  1.915
          5.588	  1.910
          5.592	  1.905
          5.596	  1.905
          5.600	  1.915
          5.604	  1.925
          5.608	  1.925
          5.612	  1.930
          5.616	  1.930
          5.620	  1.925
          5.624	  1.915
          5.628	  1.905
          5.632	  1.915
          5.636	  1.930
          5.640	  1.925
          5.644	  1.930
          5.648	  1.930
          5.652	  1.935
          5.656	  1.935
          5.660	  1.925
          5.664	  1.930
          5.668	  1.935
          5.672	  1.935
          5.676	  1.935
          5.680	  1.935
          5.684	  1.950
          5.688	  1.965
          5.692	  1.965
          5.696	  1.955
          5.700	  1.940
          5.704	  1.935
          5.708	  1.935
          5.712	  1.950
          5.716	  1.955
          5.720	  1.965
          5.724	  1.960
          5.728	  1.955
          5.732	  1.950
          5.736	  1.950
          5.740	  1.950
          5.744	  1.950
          5.748	  1.965
          5.752	  1.970
          5.756	  1.970
          5.760	  1.965
          5.764	  1.965
          5.768	  1.965
          5.772	  1.970
          5.776	  1.965
          5.780	  1.970
          5.784	  1.980
          5.788	  1.980
          5.792	  1.990
          5.796	  1.990
          5.800	  1.990
          5.804	  1.990
          5.808	  1.980
          5.812	  1.995
          5.816	  1.990
          5.820	  1.990
          5.824	  1.995
          5.828	  1.995
          5.832	  1.990
          5.836	  1.990
          5.840	  2.010
          5.844	  2.030
          5.848	  2.045
          5.852	  2.050
          5.856	  2.050
          5.860	  2.090
          5.864	  2.110
          5.868	  2.150
          5.872	  2.200
          5.876	  2.260
          5.880	  2.315
          5.884	  2.395
          5.888	  2.475
          5.892	  2.500
          5.896	  2.470
          5.900	  2.410
          5.904	  2.355
          5.908	  2.340
          5.912	  2.330
          5.916	  2.315
          5.920	  2.335
          5.924	  2.325
          5.928	  2.270
          5.932	  2.220
          5.936	  2.200
          5.940	  2.175
          5.944	  2.125
          5.948	  2.075
          5.952	  2.065
          5.956	  2.030
          5.960	  2.035
          5.964	  2.020
          5.968	  2.000
          5.972	  2.010
          5.976	  2.030
          5.980	  2.030
          5.984	  2.020
          5.988	  2.020
          5.992	  2.030
          5.996	  2.030
          6.000	  2.015
          6.004	  2.010
          6.008	  2.030
          6.012	  2.020
          6.016	  1.970
          6.020	  1.945
          6.024	  1.965
          6.028	  2.045
          6.032	  2.170
          6.036	  2.385
          6.040	  2.690
          6.044	  3.010
          6.048	  3.270
          6.052	  3.500
          6.056	  3.670
          6.060	  3.610
          6.064	  3.210
          6.068	  2.665
          6.072	  2.255
          6.076	  1.860
          6.080	  1.550
          6.084	  1.440
          6.088	  1.445
          6.092	  1.475
          6.096	  1.500
          6.100	  1.570
          6.104	  1.680
          6.108	  1.830
          6.112	  1.925
          6.116	  1.930
          6.120	  1.925
          6.124	  1.935
          6.128	  1.950
          6.132	  1.975
          6.136	  1.990
          6.140	  1.990
          6.144	  1.990
          6.148	  1.990
          6.152	  2.015
          6.156	  2.030
          6.160	  2.030
          6.164	  2.030
          6.168	  2.020
          6.172	  2.035
          6.176	  2.030
          6.180	  2.030
          6.184	  2.030
          6.188	  2.045
          6.192	  2.050
          6.196	  2.065
          6.200	  2.050
          6.204	  2.060
          6.208	  2.090
          6.212	  2.090
          6.216	  2.090
          6.220	  2.095
          6.224	  2.125
          6.228	  2.130
          6.232	  2.135
          6.236	  2.140
          6.240	  2.140
          6.244	  2.140
          6.248	  2.150
          6.252	  2.155
          6.256	  2.160
          6.260	  2.160
          6.264	  2.190
          6.268	  2.205
          6.272	  2.230
          6.276	  2.250
          6.280	  2.285
          6.284	  2.345
          6.288	  2.365
          6.292	  2.350
          6.296	  2.350
          6.300	  2.375
          6.304	  2.430
          6.308	  2.465
          6.312	  2.480
          6.316	  2.505
          6.320	  2.535
          6.324	  2.560
          6.328	  2.595
          6.332	  2.620
          6.336	  2.660
          6.340	  2.685
          6.344	  2.735
          6.348	  2.765
          6.352	  2.780
          6.356	  2.825
          6.360	  2.875
          6.364	  2.930
          6.368	  3.005
          6.372	  3.060
          6.376	  3.100
          6.380	  3.130
          6.384	  3.170
          6.388	  3.210
          6.392	  3.260
          6.396	  3.290
          6.400	  3.310
          6.404	  3.335
          6.408	  3.350
          6.412	  3.370
          6.416	  3.370
          6.420	  3.370
          6.424	  3.370
          6.428	  3.340
          6.432	  3.275
          6.436	  3.195
          6.440	  3.120
          6.444	  3.050
          6.448	  2.970
          6.452	  2.885
          6.456	  2.805
          6.460	  2.725
          6.464	  2.640
          6.468	  2.570
          6.472	  2.540
          6.476	  2.485
          6.480	  2.430
          6.484	  2.355
          6.488	  2.295
          6.492	  2.265
          6.496	  2.260
          6.500	  2.225
          6.504	  2.190
          6.508	  2.190
          6.512	  2.170
          6.516	  2.150
          6.520	  2.130
          6.524	  2.125
          6.528	  2.100
          6.532	  2.110
          6.536	  2.095
          6.540	  2.085
          6.544	  2.070
          6.548	  2.050
          6.552	  2.030
          6.556	  2.035
          6.560	  2.075
          6.564	  2.085
          6.568	  2.070
          6.572	  2.035
          6.576	  2.020
          6.580	  2.030
          6.584	  2.050
          6.588	  2.070
          6.592	  2.075
          6.596	  2.085
          6.600	  2.050
          6.604	  2.050
          6.608	  2.070
          6.612	  2.075
          6.616	  2.060
          6.620	  2.065
          6.624	  2.055
          6.628	  2.030
          6.632	  2.050
          6.636	  2.050
          6.640	  2.045
          6.644	  2.030
          6.648	  2.030
          6.652	  2.005
          6.656	  2.020
          6.660	  2.015
          6.664	  2.020
          6.668	  2.030
          6.672	  2.000
          6.676	  2.000
          6.680	  1.995
          6.684	  1.990
          6.688	  2.000
          6.692	  2.020
          6.696	  2.030
          6.700	  2.030
          6.704	  1.970
          6.708	  1.980
          6.712	  2.020
          6.716	  2.010
          6.720	  1.990
          6.724	  1.990
          6.728	  1.970
          6.732	  1.970
          6.736	  1.990
          6.740	  2.000
          6.744	  1.970
          6.748	  1.970
          6.752	  1.945
          6.756	  1.940
          6.760	  1.925
          6.764	  1.935
          6.768	  1.970
          6.772	  1.995
          6.776	  1.955
          6.780	  1.930
          6.784	  1.930
          6.788	  1.970
          6.792	  1.980
          6.796	  1.980
          6.800	  1.950
          6.804	  1.925
          6.808	  1.925
          6.812	  1.935
          6.816	  1.935
          6.820	  1.930
          6.824	  1.965
          6.828	  1.950
          6.832	  1.930
          6.836	  1.940
          6.840	  1.940
          6.844	  1.955
          6.848	  1.970
          6.852	  1.950
          6.856	  1.950
          6.860	  1.930
          6.864	  1.905
          6.868	  1.900
          6.872	  1.925
          6.876	  1.930
          6.880	  1.920
          6.884	  1.915
          6.888	  1.930
          6.892	  1.935
          6.896	  1.915
          6.900	  1.915
          6.904	  1.915
          6.908	  1.930
          6.912	  1.940
          6.916	  1.930
          6.920	  1.925
          6.924	  1.905
          6.928	  1.930
          6.932	  1.965
          6.936	  1.955
          6.940	  1.915
          6.944	  1.915
          6.948	  1.930
          6.952	  1.930
          6.956	  1.935
          6.960	  1.930
          6.964	  1.950
          6.968	  1.955
          6.972	  1.965
          6.976	  2.010
          6.980	  2.045
          6.984	  2.040
          6.988	  2.050
          6.992	  2.090
          6.996	  2.135
          7.000	  2.180
          7.004	  2.195
          7.008	  2.225
          7.012	  2.275
          7.016	  2.330
          7.020	  2.375
          7.024	  2.370
          7.028	  2.340
          7.032	  2.285
          7.036	  2.245
          7.040	  2.230
          7.044	  2.210
          7.048	  2.210
          7.052	  2.215
          7.056	  2.205
          7.060	  2.205
          7.064	  2.180
          7.068	  2.140
          7.072	  2.085
          7.076	  2.010
          7.080	  1.970
          7.084	  1.930
          7.088	  1.905
          7.092	  1.890
          7.096	  1.870
          7.100	  1.875
          7.104	  1.885
          7.108	  1.885
          7.112	  1.870
          7.116	  1.865
          7.120	  1.870
          7.124	  1.885
          7.128	  1.890
          7.132	  1.870
          7.136	  1.865
          7.140	  1.870
          7.144	  1.825
          7.148	  1.790
          7.152	  1.810
          7.156	  1.870
          7.160	  1.965
          7.164	  2.125
          7.168	  2.410
          7.172	  2.730
          7.176	  2.980
          7.180	  3.195
          7.184	  3.325
          7.188	  3.210
          7.192	  2.750
          7.196	  2.255
          7.200	  1.900
          7.204	  1.550
          7.208	  1.370
          7.212	  1.330
          7.216	  1.340
          7.220	  1.355
          7.224	  1.390
          7.228	  1.475
          7.232	  1.570
          7.236	  1.635
          7.240	  1.690
          7.244	  1.725
          7.248	  1.740
          7.252	  1.760
          7.256	  1.755
          7.260	  1.775
          7.264	  1.795
          7.268	  1.790
          7.272	  1.795
          7.276	  1.805
          7.280	  1.805
          7.284	  1.810
          7.288	  1.810
          7.292	  1.810
          7.296	  1.820
          7.300	  1.820
          7.304	  1.830
          7.308	  1.830
          7.312	  1.830
          7.316	  1.820
          7.320	  1.810
          7.324	  1.835
          7.328	  1.850
          7.332	  1.850
          7.336	  1.850
          7.340	  1.865
          7.344	  1.860
          7.348	  1.860
          7.352	  1.875
          7.356	  1.885
          7.360	  1.890
          7.364	  1.905
          7.368	  1.910
          7.372	  1.910
          7.376	  1.900
          7.380	  1.900
          7.384	  1.905
          7.388	  1.920
          7.392	  1.945
          7.396	  1.965
          7.400	  1.960
          7.404	  1.965
          7.408	  1.990
          7.412	  2.010
          7.416	  2.030
          7.420	  2.065
          7.424	  2.090
          7.428	  2.135
          7.432	  2.155
          7.436	  2.160
          7.440	  2.190
          7.444	  2.240
          7.448	  2.300
          7.452	  2.350
          7.456	  2.380
          7.460	  2.395
          7.464	  2.415
          7.468	  2.445
          7.472	  2.485
          7.476	  2.530
          7.480	  2.575
          7.484	  2.610
          7.488	  2.665
          7.492	  2.690
          7.496	  2.725
          7.500	  2.765
          7.504	  2.800
          7.508	  2.830
          7.512	  2.860
          7.516	  2.895
          7.520	  2.930
          7.524	  2.955
          7.528	  2.980
          7.532	  2.980
          7.536	  2.980
          7.540	  2.980
          7.544	  2.950
          7.548	  2.920
          7.552	  2.875
          7.556	  2.800
          7.560	  2.750
          7.564	  2.705
          7.568	  2.635
          7.572	  2.570
          7.576	  2.480
          7.580	  2.405
          7.584	  2.340
          7.588	  2.275
          7.592	  2.220
          7.596	  2.160
          7.600	  2.125
          7.604	  2.100
          7.608	  2.065
          7.612	  1.995
          7.616	  1.995
          7.620	  1.965
          7.624	  1.905
          7.628	  1.860
          7.632	  1.840
          7.636	  1.835
          7.640	  1.810
          7.644	  1.790
          7.648	  1.790
          7.652	  1.775
          7.656	  1.790
          7.660	  1.775
          7.664	  1.775
          7.668	  1.765
          7.672	  1.765
          7.676	  1.770
          7.680	  1.780
          7.684	  1.775
          7.688	  1.775
          7.692	  1.765
          7.696	  1.750
          7.700	  1.745
          7.704	  1.755
          7.708	  1.765
          7.712	  1.770
          7.716	  1.765
          7.720	  1.770
          7.724	  1.775
          7.728	  1.775
          7.732	  1.770
          7.736	  1.770
          7.740	  1.770
          7.744	  1.770
          7.748	  1.785
          7.752	  1.775
          7.756	  1.775
          7.760	  1.775
          7.764	  1.790
          7.768	  1.795
          7.772	  1.780
          7.776	  1.775
          7.780	  1.775
          7.784	  1.770
          7.788	  1.745
          7.792	  1.755
          7.796	  1.775
          7.800	  1.770
          7.804	  1.780
          7.808	  1.790
          7.812	  1.775
          7.816	  1.780
          7.820	  1.775
          7.824	  1.770
          7.828	  1.775
          7.832	  1.770
          7.836	  1.770
          7.840	  1.765
          7.844	  1.770
          7.848	  1.770
          7.852	  1.775
          7.856	  1.770
          7.860	  1.780
          7.864	  1.790
          7.868	  1.820
          7.872	  1.810
          7.876	  1.805
          7.880	  1.805
          7.884	  1.805
          7.888	  1.820
          7.892	  1.820
          7.896	  1.810
          7.900	  1.820
          7.904	  1.830
          7.908	  1.830
          7.912	  1.820
          7.916	  1.810
          7.920	  1.820
          7.924	  1.835
          7.928	  1.830
          7.932	  1.830
          7.936	  1.835
          7.940	  1.840
          7.944	  1.840
          7.948	  1.830
          7.952	  1.830
          7.956	  1.835
          7.960	  1.830
          7.964	  1.820
          7.968	  1.820
          7.972	  1.820
          7.976	  1.835
          7.980	  1.845
          7.984	  1.850
          7.988	  1.855
          7.992	  1.840
          7.996	  1.830
          8.000	  1.840
          8.004	  1.860
          8.008	  1.890
          8.012	  1.870
          8.016	  1.850
          8.020	  1.850
          8.024	  1.860
          8.028	  1.860
          8.032	  1.860
          8.036	  1.870
          8.040	  1.860
          8.044	  1.865
          8.048	  1.860
          8.052	  1.865
          8.056	  1.870
          8.060	  1.860
          8.064	  1.870
          8.068	  1.870
          8.072	  1.860
          8.076	  1.870
          8.080	  1.875
          8.084	  1.885
          8.088	  1.870
          8.092	  1.885
          8.096	  1.885
          8.100	  1.885
          8.104	  1.900
          8.108	  1.915
          8.112	  1.930
          8.116	  1.930
          8.120	  1.930
          8.124	  1.940
          8.128	  1.960
          8.132	  1.995
          8.136	  2.015
          8.140	  2.010
          8.144	  2.010
          8.148	  2.075
          8.152	  2.155
          8.156	  2.235
          8.160	  2.290
          8.164	  2.300
          8.168	  2.275
          8.172	  2.225
          8.176	  2.210
          8.180	  2.195
          8.184	  2.130
          8.188	  2.090
          8.192	  2.075
          8.196	  2.065
          8.200	  2.050
          8.204	  2.010
          8.208	  1.980
          8.212	  1.955
          8.216	  1.930
          8.220	  1.920
          8.224	  1.910
          8.228	  1.890
          8.232	  1.890
          8.236	  1.875
          8.240	  1.870
          8.244	  1.885
          8.248	  1.860
          8.252	  1.860
          8.256	  1.865
          8.260	  1.845
          8.264	  1.845
          8.268	  1.850
          8.272	  1.830
          8.276	  1.805
          8.280	  1.755
          8.284	  1.710
          8.288	  1.725
          8.292	  1.795
          8.296	  1.900
          8.300	  2.035
          8.304	  2.280
          8.308	  2.575
          8.312	  2.870
          8.316	  3.155
          8.320	  3.370
          8.324	  3.355
          8.328	  3.045
          8.332	  2.525
          8.336	  2.135
          8.340	  1.780
          8.344	  1.500
          8.348	  1.355
          8.352	  1.310
          8.356	  1.340
          8.360	  1.405
          8.364	  1.470
          8.368	  1.565
          8.372	  1.650
          8.376	  1.690
          8.380	  1.710
          8.384	  1.730
          8.388	  1.740
          8.392	  1.760
          8.396	  1.765
          8.400	  1.770
          8.404	  1.775
          8.408	  1.790
          8.412	  1.810
          8.416	  1.810
          8.420	  1.805
          8.424	  1.810
          8.428	  1.805
          8.432	  1.825
          8.436	  1.840
          8.440	  1.835
          8.444	  1.830
          8.448	  1.835
          8.452	  1.850
          8.456	  1.870
          8.460	  1.870
          8.464	  1.860
          8.468	  1.855
          8.472	  1.855
          8.476	  1.875
          8.480	  1.885
          8.484	  1.885
          8.488	  1.885
          8.492	  1.870
          8.496	  1.870
          8.500	  1.905
          8.504	  1.925
          8.508	  1.930
          8.512	  1.925
          8.516	  1.920
          8.520	  1.930
          8.524	  1.940
          8.528	  1.950
          8.532	  1.965
          8.536	  1.980
          8.540	  1.990
          8.544	  1.995
          8.548	  2.010
          8.552	  2.020
          8.556	  2.035
          8.560	  2.050
          8.564	  2.055
          8.568	  2.050
          8.572	  2.085
          8.576	  2.110
          8.580	  2.125
          8.584	  2.140
          8.588	  2.170
          8.592	  2.215
          8.596	  2.255
          8.600	  2.305
          8.604	  2.330
          8.608	  2.390
          8.612	  2.445
          8.616	  2.510
          8.620	  2.560
          8.624	  2.605
          8.628	  2.635
          8.632	  2.670
          8.636	  2.700
          8.640	  2.735
          8.644	  2.765
          8.648	  2.800
          8.652	  2.835
          8.656	  2.890
          8.660	  2.915
          8.664	  2.940
          8.668	  2.955
          8.672	  2.980
          8.676	  2.975
          8.680	  2.960
          8.684	  2.940
          8.688	  2.925
          8.692	  2.890
          8.696	  2.830
          8.700	  2.780
          8.704	  2.725
          8.708	  2.660
          8.712	  2.590
          8.716	  2.525
          8.720	  2.470
          8.724	  2.415
          8.728	  2.350
          8.732	  2.310
          8.736	  2.275
          8.740	  2.250
          8.744	  2.220
          8.748	  2.160
          8.752	  2.095
          8.756	  2.050
          8.760	  2.020
          8.764	  2.005
          8.768	  1.990
          8.772	  1.965
          8.776	  1.965
          8.780	  1.950
          8.784	  1.935
          8.788	  1.935
          8.792	  1.930
          8.796	  1.915
          8.800	  1.900
          8.804	  1.900
          8.808	  1.910
          8.812	  1.915
          8.816	  1.915
          8.820	  1.915
          8.824	  1.905
          8.828	  1.900
          8.832	  1.900
          8.836	  1.900
          8.840	  1.890
          8.844	  1.900
          8.848	  1.905
          8.852	  1.915
          8.856	  1.905
          8.860	  1.905
          8.864	  1.905
          8.868	  1.910
          8.872	  1.920
          8.876	  1.905
          8.880	  1.895
          8.884	  1.890
          8.888	  1.910
          8.892	  1.915
          8.896	  1.930
          8.900	  1.930
          8.904	  1.930
          8.908	  1.930
          8.912	  1.935
          8.916	  1.940
          8.920	  1.935
          8.924	  1.935
          8.928	  1.930
          8.932	  1.935
          8.936	  1.955
          8.940	  1.965
          8.944	  1.965
          8.948	  1.965
          8.952	  1.950
          8.956	  1.940
          8.960	  1.950
          8.964	  1.950
          8.968	  1.950
          8.972	  1.960
          8.976	  1.955
          8.980	  1.970
          8.984	  1.955
          8.988	  1.955
          8.992	  1.950
          8.996	  1.950
          9.000	  1.955
          9.004	  1.950
          9.008	  1.935
          9.012	  1.955
          9.016	  1.950
          9.020	  1.950
          9.024	  1.955
          9.028	  1.955
          9.032	  1.960
          9.036	  1.960
          9.040	  1.970
          9.044	  1.970
          9.048	  1.970
          9.052	  1.970
          9.056	  1.970
          9.060	  1.980
          9.064	  1.990
          9.068	  1.990
          9.072	  2.005
          9.076	  2.010
          9.080	  2.020
          9.084	  2.020
          9.088	  2.020
          9.092	  2.000
          9.096	  1.995
          9.100	  1.990
          9.104	  2.000
          9.108	  2.010
          9.112	  2.000
          9.116	  2.010
          9.120	  2.010
          9.124	  2.010
          9.128	  2.020
          9.132	  2.030
          9.136	  2.010
          9.140	  2.020
          9.144	  2.020
          9.148	  2.035
          9.152	  2.045
          9.156	  2.030
          9.160	  2.030
          9.164	  2.030
          9.168	  2.030
          9.172	  2.030
          9.176	  2.030
          9.180	  2.035
          9.184	  2.045
          9.188	  2.045
          9.192	  2.030
          9.196	  2.030
          9.200	  2.045
          9.204	  2.050
          9.208	  2.050
          9.212	  2.065
          9.216	  2.075
          9.220	  2.050
          9.224	  2.050
          9.228	  2.050
          9.232	  2.050
          9.236	  2.050
          9.240	  2.050
          9.244	  2.065
          9.248	  2.065
          9.252	  2.075
          9.256	  2.090
          9.260	  2.100
          9.264	  2.095
          9.268	  2.110
          9.272	  2.130
          9.276	  2.155
          9.280	  2.180
          9.284	  2.180
          9.288	  2.205
          9.292	  2.250
          9.296	  2.295
          9.300	  2.350
          9.304	  2.385
          9.308	  2.415
          9.312	  2.430
          9.316	  2.380
          9.320	  2.330
          9.324	  2.255
          9.328	  2.235
          9.332	  2.225
          9.336	  2.220
          9.340	  2.210
          9.344	  2.185
          9.348	  2.165
          9.352	  2.125
          9.356	  2.090
          9.360	  2.075
          9.364	  2.070
          9.368	  2.075
          9.372	  2.050
          9.376	  2.045
          9.380	  2.040
          9.384	  2.050
          9.388	  2.045
          9.392	  2.045
          9.396	  2.030
          9.400	  2.020
          9.404	  2.030
          9.408	  2.030
          9.412	  2.020
          9.416	  2.020
          9.420	  2.000
          9.424	  1.970
          9.428	  1.915
          9.432	  1.870
          9.436	  1.915
          9.440	  2.005
          9.444	  2.100
          9.448	  2.270
          9.452	  2.550
          9.456	  2.870
          9.460	  3.185
          9.464	  3.485
          9.468	  3.605
          9.472	  3.420
          9.476	  2.930
          9.480	  2.435
          9.484	  2.045
          9.488	  1.710
          9.492	  1.530
          9.496	  1.470
          9.500	  1.490
          9.504	  1.550
          9.508	  1.615
          9.512	  1.710
          9.516	  1.795
          9.520	  1.840
          9.524	  1.875
          9.528	  1.890
          9.532	  1.900
          9.536	  1.905
          9.540	  1.915
          9.544	  1.930
          9.548	  1.935
          9.552	  1.950
          9.556	  1.945
          9.560	  1.950
          9.564	  1.970
          9.568	  1.970
          9.572	  1.980
          9.576	  1.995
          9.580	  2.000
          9.584	  2.020
          9.588	  2.010
          9.592	  2.020
          9.596	  2.010
          9.600	  2.005
          9.604	  2.010
          9.608	  2.030
          9.612	  2.030
          9.616	  2.030
          9.620	  2.050
          9.624	  2.050
          9.628	  2.050
          9.632	  2.050
          9.636	  2.070
          9.640	  2.075
          9.644	  2.085
          9.648	  2.090
          9.652	  2.095
          9.656	  2.110
          9.660	  2.105
          9.664	  2.115
          9.668	  2.110
          9.672	  2.110
          9.676	  2.115
          9.680	  2.140
          9.684	  2.150
          9.688	  2.150
          9.692	  2.175
          9.696	  2.195
          9.700	  2.210
          9.704	  2.210
          9.708	  2.225
          9.712	  2.250
          9.716	  2.255
          9.720	  2.285
          9.724	  2.315
          9.728	  2.340
          9.732	  2.365
          9.736	  2.405
          9.740	  2.450
          9.744	  2.490
          9.748	  2.540
          9.752	  2.605
          9.756	  2.675
          9.760	  2.725
          9.764	  2.770
          9.768	  2.810
          9.772	  2.850
          9.776	  2.890
          9.780	  2.925
          9.784	  2.970
          9.788	  3.025
          9.792	  3.055
          9.796	  3.085
          9.800	  3.130
          9.804	  3.150
          9.808	  3.180
          9.812	  3.190
          9.816	  3.180
          9.820	  3.180
          9.824	  3.160
          9.828	  3.125
          9.832	  3.090
          9.836	  3.040
          9.840	  2.965
          9.844	  2.895
          9.848	  2.820
          9.852	  2.755
          9.856	  2.685
          9.860	  2.620
          9.864	  2.555
          9.868	  2.505
          9.872	  2.455
          9.876	  2.410
          9.880	  2.350
          9.884	  2.300
          9.888	  2.235
          9.892	  2.190
          9.896	  2.155
          9.900	  2.130
          9.904	  2.105
          9.908	  2.090
          9.912	  2.075
          9.916	  2.050
          9.920	  2.045
          9.924	  2.030
          9.928	  2.030
          9.932	  2.030
          9.936	  2.020
          9.940	  2.010
          9.944	  2.010
          9.948	  2.010
          9.952	  2.010
          9.956	  2.005
          9.960	  2.000
          9.964	  1.995
          9.968	  1.990
          9.972	  1.990
          9.976	  1.980
          9.980	  1.980
          9.984	  1.990
          9.988	  1.990
          9.992	  1.990
          9.996	  1.990
